72 , [195, 227] , 222 , 9 , -1 , 45
72 , [211, 227] , 223 , 10 , 1 , 0
72 , [227, 227] , 224 , 9 , 1 , 30
72 , [243, 227] , 221 , 11 , 1 , 0
73 , [195, 227] , 212 , 8 , -1 , 45
73 , [211, 227] , 213 , 7 , 1 , 0
73 , [227, 227] , 211 , 6 , 1 , 0
73 , [243, 227] , 214 , 8 , 1 , 30
74 , [195, 227] , 122 , 3, -1 , 45
74 , [211, 227] , 121 , 5 , 1 , 0
74 , [227, 227] , 124 , 3 , 1 , 30
74 , [243, 227] , 123 , 4 , 1 , 0
75 , [195, 227] , 112 , 2 , -1 , 45
75 , [211, 227] , 114 , 2 , 1 , 30
75 , [227, 227] , 111 , 0 , 1 , 0
75 , [243, 227] , 113 , 1 , 1 , 0
line 16
line 17
line 18
line 19
line 20
line 21
line 22
line 23
