0.556838 , 401 , 330
0.563013 , 402 , 330
0.569083 , 403 , 330
0.57519 , 404 , 330
0.58125 , 405 , 330
0.587314 , 406 , 330
0.593371 , 407 , 330
0.599437 , 408 , 330
0.605501 , 409 , 330
0.611562 , 410 , 330
0.617615 , 411 , 330
0.623683 , 412 , 330
0.629739 , 413 , 330
0.635799 , 414 , 330
0.641852 , 415 , 330
0.647911 , 416 , 330
0.654014 , 417 , 330
0.660074 , 418 , 330
0.666125 , 419 , 330
0.672226 , 420 , 330
0.678301 , 421 , 330
0.684362 , 422 , 330
0.690425 , 423 , 330
0.696475 , 424 , 330
0.702542 , 425 , 330
0.708599 , 426 , 330
0.714661 , 427 , 330
0.720714 , 428 , 330
0.726778 , 429 , 330
0.732835 , 430 , 330
0.738896 , 431 , 330
0.744947 , 432 , 330
0.751043 , 433 , 330
0.757113 , 434 , 330
0.763173 , 435 , 330
0.769228 , 436 , 330
0.775294 , 437 , 330
0.781357 , 438 , 330
0.787416 , 439 , 330
0.793479 , 440 , 330
0.799537 , 441 , 330
0.805595 , 442 , 330
0.811656 , 443 , 330
0.817716 , 444 , 330
0.823768 , 445 , 330
0.829868 , 446 , 330
0.835935 , 447 , 330
0.842002 , 448 , 330
0.848056 , 449 , 330
0.85412 , 450 , 330
0.860179 , 451 , 330
0.866244 , 450 , 330
0.872298 , 449 , 330
0.878363 , 448 , 330
0.884424 , 447 , 330
0.890482 , 446 , 330
0.896534 , 445 , 330
0.902593 , 444 , 330
0.908654 , 443 , 330
0.914713 , 442 , 330
0.920777 , 441 , 330
0.926828 , 440 , 330
0.932917 , 439 , 330
0.938973 , 438 , 330
0.945037 , 437 , 330
0.951095 , 436 , 330
0.957157 , 435 , 330
0.963216 , 434 , 330
0.969277 , 433 , 330
0.975325 , 432 , 330
0.981387 , 431 , 330
0.987446 , 430 , 330
0.993507 , 429 , 330
0.999563 , 428 , 330
1.005624 , 427 , 330
1.011709 , 426 , 330
1.017768 , 425 , 330
1.023824 , 424 , 330
1.030067 , 423 , 330
1.036166 , 422 , 330
1.042238 , 421 , 330
1.048304 , 420 , 330
1.054362 , 419 , 330
1.060427 , 418 , 330
1.066487 , 417 , 330
1.072555 , 416 , 330
1.078609 , 415 , 330
1.084713 , 414 , 330
1.09077 , 413 , 330
1.096828 , 412 , 330
1.102927 , 411 , 330
1.109023 , 410 , 330
1.115102 , 409 , 330
1.121168 , 408 , 330
1.127224 , 407 , 330
1.133287 , 406 , 330
1.139377 , 405 , 330
1.145441 , 404 , 330
1.151499 , 403 , 330
1.157553 , 402 , 330
1.16362 , 401 , 330
1.169678 , 400 , 330
1.175742 , 399 , 330
1.181793 , 398 , 330
1.187855 , 397 , 330
1.193916 , 396 , 330
1.199972 , 395 , 330
1.206023 , 394 , 330
1.21209 , 393 , 330
1.218149 , 392 , 330
1.224209 , 391 , 330
1.23026 , 390 , 330
1.236347 , 389 , 330
1.242427 , 388 , 330
1.248486 , 387 , 330
1.254583 , 386 , 330
1.260635 , 385 , 330
1.266691 , 384 , 330
1.272752 , 383 , 330
1.278817 , 382 , 330
1.284878 , 381 , 330
1.290941 , 380 , 330
1.296997 , 379 , 330
1.303051 , 378 , 330
1.309101 , 377 , 330
1.315193 , 376 , 330
1.321255 , 375 , 330
1.327316 , 374 , 330
1.33337 , 373 , 330
1.339435 , 372 , 330
1.345495 , 371 , 330
1.351557 , 370 , 330
1.357606 , 369 , 330
1.363666 , 368 , 330
1.369732 , 367 , 330
1.37579 , 366 , 330
1.381853 , 365 , 330
1.387898 , 364 , 330
1.393978 , 363 , 330
1.400042 , 362 , 330
1.406099 , 361 , 330
1.412151 , 360 , 330
1.418215 , 359 , 330
1.42428 , 358 , 330
1.430349 , 357 , 330
1.436398 , 356 , 330
1.442458 , 355 , 330
1.448521 , 354 , 330
1.45458 , 353 , 330
1.460634 , 352 , 330
1.466698 , 351 , 330
1.472785 , 350 , 330
1.478852 , 349 , 330
1.484935 , 350 , 330
1.490994 , 351 , 330
1.497056 , 352 , 330
1.503118 , 353 , 330
1.509219 , 354 , 330
1.515293 , 355 , 330
1.521366 , 356 , 330
1.527425 , 357 , 330
1.533488 , 358 , 330
1.539544 , 359 , 330
1.545644 , 360 , 330
1.551702 , 361 , 330
1.557764 , 362 , 330
1.563824 , 363 , 330
1.569889 , 364 , 330
1.575953 , 365 , 330
1.582006 , 366 , 330
1.588062 , 367 , 330
1.594123 , 368 , 330
1.600187 , 369 , 330
1.606246 , 370 , 330
1.612305 , 371 , 330
1.618361 , 372 , 330
1.62446 , 373 , 330
1.630519 , 374 , 330
1.636583 , 375 , 330
1.642637 , 376 , 330
1.648704 , 377 , 330
1.654764 , 378 , 330
1.660823 , 379 , 330
1.666875 , 380 , 330
1.672951 , 381 , 330
1.679028 , 382 , 330
1.685097 , 383 , 330
1.691147 , 384 , 330
1.697399 , 385 , 330
1.703593 , 386 , 330
1.709656 , 387 , 330
1.715721 , 388 , 330
1.721776 , 389 , 330
1.727843 , 390 , 330
1.733908 , 391 , 330
1.739968 , 392 , 330
1.746078 , 393 , 330
1.752201 , 394 , 330
1.758314 , 395 , 330
1.764399 , 396 , 330
1.770455 , 397 , 330
1.776542 , 398 , 330
1.782608 , 399 , 330
1.788675 , 400 , 330
1.79473 , 401 , 330
1.800796 , 402 , 330
1.806863 , 403 , 330
1.81292 , 404 , 330
1.818985 , 405 , 330
1.825042 , 406 , 330
1.83111 , 407 , 330
1.837168 , 408 , 330
1.84323 , 409 , 330
1.84928 , 410 , 330
1.855371 , 411 , 330
1.861433 , 412 , 330
1.867494 , 413 , 330
1.873547 , 414 , 330
1.879619 , 415 , 330
1.885724 , 416 , 330
1.891818 , 417 , 330
1.897876 , 418 , 330
1.903942 , 419 , 330
1.910006 , 420 , 330
1.916112 , 421 , 330
1.922252 , 422 , 330
1.928321 , 423 , 330
1.93439 , 424 , 330
1.940449 , 425 , 330
1.946512 , 426 , 330
1.952566 , 427 , 330
1.95863 , 428 , 330
1.964696 , 429 , 330
1.970756 , 430 , 330
1.97681 , 431 , 330
1.982908 , 432 , 330
1.988967 , 433 , 330
1.99503 , 434 , 330
2.001081 , 435 , 330
2.007142 , 436 , 330
2.013212 , 437 , 330
2.019276 , 438 , 330
2.025334 , 439 , 330
2.0314 , 440 , 330
2.037462 , 441 , 330
2.043521 , 442 , 330
2.049584 , 443 , 330
2.055639 , 444 , 330
2.06174 , 445 , 330
2.067797 , 446 , 330
2.073858 , 447 , 330
2.079912 , 448 , 330
2.085978 , 449 , 330
2.092044 , 450 , 330
2.098111 , 451 , 330
2.104161 , 450 , 330
2.110241 , 449 , 330
2.116302 , 448 , 330
2.122363 , 447 , 330
2.128416 , 446 , 330
2.134477 , 445 , 330
2.140583 , 444 , 330
2.146645 , 443 , 330
2.152696 , 442 , 330
2.1588 , 441 , 330
2.164862 , 440 , 330
2.170925 , 439 , 330
2.176987 , 438 , 330
2.18304 , 437 , 330
2.189106 , 436 , 330
2.195168 , 435 , 330
2.201228 , 434 , 330
2.207282 , 433 , 330
2.213343 , 432 , 330
2.219403 , 431 , 330
2.225465 , 430 , 330
2.231517 , 429 , 330
2.237609 , 428 , 330
2.243693 , 427 , 330
2.249757 , 426 , 330
2.255806 , 425 , 330
2.261894 , 424 , 330
2.267956 , 423 , 330
2.274014 , 422 , 330
2.28011 , 421 , 330
2.286162 , 420 , 330
2.29223 , 419 , 330
2.298287 , 418 , 330
2.304352 , 417 , 330
2.310413 , 416 , 330
2.316618 , 415 , 330
2.322739 , 414 , 330
2.328955 , 413 , 330
2.335043 , 412 , 330
2.341116 , 411 , 330
2.347222 , 410 , 330
2.353283 , 409 , 330
2.359337 , 408 , 330
2.365441 , 407 , 330
2.371505 , 406 , 330
2.377568 , 405 , 330
2.383656 , 404 , 330
2.389705 , 403 , 330
2.395768 , 402 , 330
2.401829 , 401 , 330
2.407896 , 400 , 330
2.413955 , 399 , 330
2.420041 , 398 , 330
2.426099 , 397 , 330
2.432157 , 396 , 330
2.438211 , 395 , 330
2.44428 , 394 , 330
2.450343 , 393 , 330
2.456406 , 392 , 330
2.46246 , 391 , 330
2.468523 , 390 , 330
2.474585 , 389 , 330
2.480645 , 388 , 330
2.486757 , 387 , 330
2.492925 , 386 , 330
2.499 , 385 , 330
2.505062 , 384 , 330
2.511131 , 383 , 330
2.517186 , 382 , 330
2.523257 , 381 , 330
2.52932 , 380 , 330
2.535381 , 379 , 330
2.541434 , 378 , 330
2.547527 , 377 , 330
2.553591 , 376 , 330
2.559658 , 375 , 330
2.565721 , 374 , 330
2.571838 , 373 , 330
2.577919 , 372 , 330
2.583985 , 371 , 330
2.590034 , 370 , 330
2.5961 , 369 , 330
2.602166 , 368 , 330
2.608233 , 367 , 330
2.614297 , 366 , 330
2.62035 , 365 , 330
2.626442 , 364 , 330
2.632512 , 363 , 330
2.638581 , 362 , 330
2.644636 , 361 , 330
2.650702 , 360 , 330
2.65676 , 359 , 330
2.662819 , 358 , 330
2.668874 , 357 , 330
2.674937 , 356 , 330
2.681 , 355 , 330
2.687065 , 354 , 330
2.693119 , 353 , 330
2.699186 , 352 , 330
2.705278 , 351 , 330
2.711344 , 350 , 330
2.7174 , 349 , 330
2.723498 , 350 , 330
2.729596 , 351 , 330
2.735738 , 352 , 330
2.741798 , 353 , 330
2.747854 , 354 , 330
2.753955 , 355 , 330
2.760017 , 356 , 330
2.766081 , 357 , 330
2.77214 , 358 , 330
2.778207 , 359 , 330
2.784264 , 360 , 330
2.790325 , 361 , 330
2.796382 , 362 , 330
2.802445 , 363 , 330
2.808509 , 364 , 330
2.814574 , 365 , 330
2.820622 , 366 , 330
2.826686 , 367 , 330
2.83278 , 368 , 330
2.838838 , 369 , 330
2.844898 , 370 , 330
2.850955 , 371 , 330
2.85702 , 372 , 330
2.863081 , 373 , 330
2.869142 , 374 , 330
2.875193 , 375 , 330
2.881259 , 376 , 330
2.887351 , 377 , 330
2.893647 , 378 , 330
2.899721 , 379 , 330
2.905787 , 380 , 330
2.911856 , 381 , 330
2.917914 , 382 , 330
2.923969 , 383 , 330
2.930037 , 384 , 330
2.936111 , 385 , 330
2.94223 , 386 , 330
2.948296 , 387 , 330
2.954351 , 388 , 330
2.960429 , 389 , 330
2.966489 , 390 , 330
2.97255 , 391 , 330
2.9786 , 392 , 330
2.984673 , 393 , 330
2.99073 , 394 , 330
2.996788 , 395 , 330
3.002843 , 396 , 330
3.008908 , 397 , 330
3.014971 , 398 , 330
3.021034 , 399 , 330
3.027086 , 400 , 330
3.033177 , 401 , 330
3.039264 , 402 , 330
3.045324 , 403 , 330
3.051403 , 404 , 330
3.05751 , 405 , 330
3.063598 , 406 , 330
3.069663 , 407 , 330
3.075728 , 408 , 330
3.081783 , 409 , 330
3.087844 , 410 , 330
3.09391 , 411 , 330
3.09997 , 412 , 330
3.106026 , 413 , 330
3.112097 , 414 , 330
3.11815 , 415 , 330
3.124219 , 416 , 330
3.130273 , 417 , 330
3.136336 , 418 , 330
3.142397 , 419 , 330
3.148459 , 420 , 330
3.154515 , 421 , 330
3.160578 , 422 , 330
3.166666 , 423 , 330
3.172728 , 424 , 330
3.178785 , 425 , 330
3.184836 , 426 , 330
3.190904 , 427 , 330
3.196966 , 428 , 330
3.203031 , 429 , 330
3.209077 , 430 , 330
3.215141 , 431 , 330
3.221278 , 432 , 330
3.227382 , 433 , 330
3.233437 , 434 , 330
3.239534 , 435 , 330
3.245821 , 436 , 330
3.251991 , 437 , 330
3.258131 , 438 , 330
3.264259 , 439 , 330
3.270393 , 440 , 330
3.27649 , 441 , 330
3.282604 , 442 , 330
3.288687 , 443 , 330
3.294795 , 444 , 330
3.300881 , 445 , 330
3.307022 , 446 , 330
3.313112 , 447 , 330
3.31921 , 448 , 330
3.325298 , 449 , 330
3.33138 , 450 , 330
3.337459 , 451 , 330
3.343543 , 450 , 330
3.349642 , 449 , 330
3.355715 , 448 , 330
3.361796 , 447 , 330
3.36788 , 446 , 330
3.374005 , 445 , 330
3.380088 , 444 , 330
3.386173 , 443 , 330
3.392241 , 442 , 330
3.398353 , 441 , 330
3.404431 , 440 , 330
3.410511 , 439 , 330
3.416579 , 438 , 330
3.422658 , 437 , 330
3.428735 , 436 , 330
3.434811 , 435 , 330
3.440875 , 434 , 330
3.446951 , 433 , 330
3.453027 , 432 , 330
3.459117 , 431 , 330
3.465228 , 430 , 330
3.471303 , 429 , 330
3.477384 , 428 , 330
3.483459 , 427 , 330
3.489541 , 426 , 330
3.495615 , 425 , 330
3.501691 , 424 , 330
3.507782 , 423 , 330
3.513922 , 422 , 330
3.519999 , 421 , 330
3.526131 , 420 , 330
3.532259 , 419 , 330
3.538356 , 418 , 330
3.544442 , 417 , 330
3.550562 , 416 , 330
3.556698 , 415 , 330
3.562779 , 414 , 330
3.568855 , 413 , 330
3.574927 , 412 , 330
3.581008 , 411 , 330
3.587084 , 410 , 330
3.593163 , 409 , 330
3.599232 , 408 , 330
3.605315 , 407 , 330
3.611383 , 406 , 330
3.617473 , 405 , 330
3.62355 , 404 , 330
3.629684 , 403 , 330
3.635805 , 402 , 330
3.641884 , 401 , 330
3.647953 , 400 , 330
3.654058 , 399 , 330
3.66015 , 398 , 330
3.666226 , 397 , 330
3.672299 , 396 , 330
3.67837 , 395 , 330
3.68445 , 394 , 330
3.690522 , 393 , 330
3.696601 , 392 , 330
3.70267 , 391 , 330
3.708782 , 390 , 330
3.714956 , 389 , 330
3.721037 , 388 , 330
3.72711 , 387 , 330
3.733195 , 386 , 330
3.739317 , 385 , 330
3.745395 , 384 , 330
3.751469 , 383 , 330
3.757578 , 382 , 330
3.763662 , 381 , 330
3.769739 , 380 , 330
3.775808 , 379 , 330
3.781871 , 378 , 330
3.787965 , 377 , 330
3.794053 , 376 , 330
3.800139 , 375 , 330
3.806206 , 374 , 330
3.81229 , 373 , 330
3.818371 , 372 , 330
3.824454 , 371 , 330
3.830547 , 370 , 330
3.836701 , 369 , 330
3.842833 , 368 , 330
3.848946 , 367 , 330
3.855097 , 366 , 330
3.861176 , 365 , 330
3.867269 , 364 , 330
3.873392 , 363 , 330
3.879511 , 362 , 330
3.885583 , 361 , 330
3.891697 , 360 , 330
3.897782 , 359 , 330
3.903863 , 358 , 330
3.909936 , 357 , 330
3.916014 , 356 , 330
3.922099 , 355 , 330
3.928245 , 354 , 330
3.934564 , 353 , 330
3.941029 , 352 , 330
3.947167 , 351 , 330
3.953274 , 350 , 330
3.959528 , 349 , 330
3.965785 , 350 , 330
3.971998 , 351 , 330
3.978102 , 352 , 330
3.984226 , 353 , 330
3.990466 , 354 , 330
3.996659 , 355 , 330
4.0028 , 356 , 330
4.008901 , 357 , 330
4.015019 , 358 , 330
4.02117 , 359 , 330
4.027381 , 360 , 330
4.03368 , 361 , 330
4.039812 , 362 , 330
4.045933 , 363 , 330
4.05209 , 364 , 330
4.058319 , 365 , 330
4.064547 , 366 , 330
4.070989 , 367 , 330
4.077099 , 368 , 330
4.083434 , 369 , 330
4.089827 , 370 , 330
4.096066 , 371 , 330
4.102593 , 372 , 330
4.108712 , 373 , 330
4.114844 , 374 , 330
4.121016 , 375 , 330
4.127243 , 376 , 330
4.133405 , 377 , 330
4.139562 , 378 , 330
4.145793 , 379 , 330
4.151951 , 380 , 330
4.158185 , 381 , 330
4.164354 , 382 , 330
4.170523 , 383 , 330
4.176656 , 384 , 330
4.182807 , 385 , 330
4.18904 , 386 , 330
4.195241 , 387 , 330
4.201842 , 388 , 330
4.207977 , 389 , 330
4.21413 , 390 , 330
4.220365 , 391 , 330
4.226575 , 392 , 330
4.233185 , 393 , 330
4.239317 , 394 , 330
4.245433 , 395 , 330
4.251636 , 396 , 330
4.257865 , 397 , 330
4.264024 , 398 , 330
4.270127 , 399 , 330
4.276242 , 400 , 330
4.282416 , 401 , 330
4.288776 , 402 , 330
4.294977 , 403 , 330
4.30108 , 404 , 330
4.307235 , 405 , 330
4.313374 , 406 , 330
4.319584 , 407 , 330
4.325747 , 408 , 330
4.331872 , 409 , 330
4.338019 , 410 , 330
4.344199 , 411 , 330
4.35038 , 412 , 330
4.35661 , 413 , 330
4.363019 , 414 , 330
4.369374 , 415 , 330
4.375702 , 416 , 330
4.381933 , 417 , 330
4.388179 , 418 , 330
4.394572 , 419 , 330
4.400698 , 420 , 330
4.406806 , 421 , 330
4.413031 , 422 , 330
4.41921 , 423 , 330
4.425366 , 424 , 330
4.431477 , 425 , 330
4.437589 , 426 , 330
4.443709 , 427 , 330
4.450056 , 428 , 330
4.456239 , 429 , 330
4.462408 , 430 , 330
4.468531 , 431 , 330
4.47469 , 432 , 330
4.480905 , 433 , 330
4.487134 , 434 , 330
4.493515 , 435 , 330
4.499638 , 436 , 330
4.505795 , 437 , 330
4.512026 , 438 , 330
4.518256 , 439 , 330
4.524433 , 440 , 330
4.530593 , 441 , 330
4.53671 , 442 , 330
4.542829 , 443 , 330
4.548937 , 444 , 330
4.555042 , 445 , 330
4.561138 , 446 , 330
4.567251 , 447 , 330
4.573351 , 448 , 330
4.579453 , 449 , 330
4.58556 , 450 , 330
4.591687 , 451 , 330
4.597828 , 450 , 330
4.603945 , 449 , 330
4.610057 , 448 , 330
4.616203 , 447 , 330
4.622328 , 446 , 330
4.628452 , 445 , 330
4.634563 , 444 , 330
4.640724 , 443 , 330
4.646846 , 442 , 330
4.652959 , 441 , 330
4.659073 , 440 , 330
4.665181 , 439 , 330
4.671308 , 438 , 330
4.677413 , 437 , 330
4.683529 , 436 , 330
4.689633 , 435 , 330
4.695832 , 434 , 330
4.702003 , 433 , 330
4.708135 , 432 , 330
4.71424 , 431 , 330
4.720365 , 430 , 330
4.726476 , 429 , 330
4.732584 , 428 , 330
4.73868 , 427 , 330
4.744811 , 426 , 330
4.750979 , 425 , 330
4.757121 , 424 , 330
4.763251 , 423 , 330
4.769374 , 422 , 330
4.775547 , 421 , 330
4.781677 , 420 , 330
4.78781 , 419 , 330
4.793933 , 418 , 330
4.800085 , 417 , 330
4.80621 , 416 , 330
4.812325 , 415 , 330
4.818417 , 414 , 330
4.824548 , 413 , 330
4.830652 , 412 , 330
4.836764 , 411 , 330
4.84286 , 410 , 330
4.848981 , 409 , 330
4.855085 , 408 , 330
4.861206 , 407 , 330
4.867302 , 406 , 330
4.873426 , 405 , 330
4.879527 , 404 , 330
4.885649 , 403 , 330
4.891749 , 402 , 330
4.897866 , 401 , 330
4.903984 , 400 , 330
4.910119 , 399 , 330
4.916237 , 398 , 330
4.922362 , 397 , 330
4.928492 , 396 , 330
4.934603 , 395 , 330
4.940711 , 394 , 330
4.946813 , 393 , 330
4.952945 , 392 , 330
4.959055 , 391 , 330
4.965162 , 390 , 330
4.971262 , 389 , 330
4.977377 , 388 , 330
4.983491 , 387 , 330
4.989591 , 386 , 330
4.995712 , 385 , 330
5.001875 , 384 , 330
5.008048 , 383 , 330
5.014181 , 382 , 330
5.020312 , 381 , 330
5.026493 , 380 , 330
5.032663 , 379 , 330
5.038786 , 378 , 330
5.044902 , 377 , 330
5.051128 , 376 , 330
5.057344 , 375 , 330
5.063499 , 374 , 330
5.069677 , 373 , 330
5.07585 , 372 , 330
5.082012 , 371 , 330
5.088123 , 370 , 330
5.094228 , 369 , 330
5.100333 , 368 , 330
5.106455 , 367 , 330
5.112569 , 366 , 330
5.118691 , 365 , 330
5.124798 , 364 , 330
5.130922 , 363 , 330
5.137045 , 362 , 330
5.143166 , 361 , 330
5.149274 , 360 , 330
5.1554 , 359 , 330
5.161526 , 358 , 330
5.16763 , 357 , 330
5.173773 , 356 , 330
5.179874 , 355 , 330
5.185998 , 354 , 330
5.192281 , 353 , 330
5.198408 , 352 , 330
5.204505 , 351 , 330
5.21063 , 350 , 330
5.216742 , 349 , 330
5.222861 , 350 , 330
5.228962 , 351 , 330
5.235103 , 352 , 330
5.241214 , 353 , 330
5.24732 , 354 , 330
5.253436 , 355 , 330
5.259604 , 356 , 330
5.265731 , 357 , 330
5.271863 , 358 , 330
5.277974 , 359 , 330
5.284108 , 360 , 330
5.290277 , 361 , 330
5.296634 , 362 , 330
5.302809 , 363 , 330
5.308985 , 364 , 330
5.315099 , 365 , 330
5.32121 , 366 , 330
5.327317 , 367 , 330
5.33342 , 368 , 330
5.339537 , 369 , 330
5.345694 , 370 , 330
5.351815 , 371 , 330
5.357918 , 372 , 330
5.364032 , 373 , 330
5.370153 , 374 , 330
5.376271 , 375 , 330
5.382365 , 376 , 330
5.388492 , 377 , 330
5.39462 , 378 , 330
5.400761 , 379 , 330
5.40687 , 380 , 330
5.413001 , 381 , 330
5.419125 , 382 , 330
5.425264 , 383 , 330
5.431374 , 384 , 330
5.437501 , 385 , 330
5.443618 , 386 , 330
5.449733 , 387 , 330
5.455842 , 388 , 330
5.461951 , 389 , 330
5.468093 , 390 , 330
5.4742 , 391 , 330
5.480309 , 392 , 330
5.48642 , 393 , 330
5.492583 , 394 , 330
5.498682 , 395 , 330
5.504807 , 396 , 330
5.510932 , 397 , 330
5.517106 , 398 , 330
5.523349 , 399 , 330
5.529472 , 400 , 330
5.535579 , 401 , 330
5.541713 , 402 , 330
5.547847 , 403 , 330
5.553967 , 404 , 330
5.560062 , 405 , 330
5.56618 , 406 , 330
5.572296 , 407 , 330
5.578401 , 408 , 330
5.584543 , 409 , 330
5.590641 , 410 , 330
5.596748 , 411 , 330
5.602909 , 412 , 330
5.609025 , 413 , 330
5.615126 , 414 , 330
5.62123 , 415 , 330
5.62734 , 416 , 330
5.633472 , 417 , 330
5.639591 , 418 , 330
5.645751 , 419 , 330
5.651883 , 420 , 330
5.658015 , 421 , 330
5.664129 , 422 , 330
5.670292 , 423 , 330
5.676446 , 424 , 330
5.68258 , 425 , 330
5.68876 , 426 , 330
5.69493 , 427 , 330
5.70105 , 428 , 330
5.70716 , 429 , 330
5.71332 , 430 , 330
5.719437 , 431 , 330
5.725559 , 432 , 330
5.731668 , 433 , 330
5.737769 , 434 , 330
5.743866 , 435 , 330
5.749979 , 436 , 330
5.756083 , 437 , 330
5.762203 , 438 , 330
5.768319 , 439 , 330
5.774494 , 440 , 330
5.780619 , 441 , 330
5.786756 , 442 , 330
5.79287 , 443 , 330
5.799042 , 444 , 330
5.805164 , 445 , 330
5.811272 , 446 , 330
5.817388 , 447 , 330
5.823659 , 448 , 330
5.829773 , 449 , 330
5.835886 , 450 , 330
5.842037 , 451 , 330
5.848151 , 450 , 330
5.854375 , 449 , 330
5.860493 , 448 , 330
5.866606 , 447 , 330
5.872711 , 446 , 330
5.878848 , 445 , 330
5.885002 , 444 , 330
5.891195 , 443 , 330
5.897312 , 442 , 330
5.903434 , 441 , 330
5.90955 , 440 , 330
5.915676 , 439 , 330
5.9218 , 438 , 330
5.927943 , 437 , 330
5.93406 , 436 , 330
5.940612 , 435 , 330
5.947113 , 434 , 330
5.953252 , 433 , 330
5.95943 , 432 , 330
5.965541 , 431 , 330
5.971649 , 430 , 330
5.977749 , 429 , 330
5.9839 , 428 , 330
5.99001 , 427 , 330
5.996113 , 426 , 330
6.002222 , 425 , 330
6.00835 , 424 , 330
6.014517 , 423 , 330
6.020751 , 422 , 330
6.026878 , 421 , 330
6.033007 , 420 , 330
6.03914 , 419 , 330
6.045269 , 418 , 330
6.051373 , 417 , 330
6.057489 , 416 , 330
6.063611 , 415 , 330
6.069721 , 414 , 330
6.075832 , 413 , 330
6.081948 , 412 , 330
6.088058 , 411 , 330
6.094169 , 410 , 330
6.100449 , 409 , 330
6.106642 , 408 , 330
6.112754 , 407 , 330
6.118991 , 406 , 330
6.125116 , 405 , 330
6.131221 , 404 , 330
6.13737 , 403 , 330
6.143551 , 402 , 330
6.149668 , 401 , 330
6.155789 , 400 , 330
6.161899 , 399 , 330
6.168015 , 398 , 330
6.174149 , 397 , 330
6.180394 , 396 , 330
6.186525 , 395 , 330
6.1927 , 394 , 330
6.198857 , 393 , 330
6.204983 , 392 , 330
6.211101 , 391 , 330
6.21725 , 390 , 330
6.223374 , 389 , 330
6.229487 , 388 , 330
6.235583 , 387 , 330
6.241741 , 386 , 330
6.247845 , 385 , 330
6.253954 , 384 , 330
6.260054 , 383 , 330
6.266212 , 382 , 330
6.272366 , 381 , 330
6.278487 , 380 , 330
6.284611 , 379 , 330
6.29072 , 378 , 330
6.296851 , 377 , 330
6.302969 , 376 , 330
6.309089 , 375 , 330
6.315203 , 374 , 330
6.321396 , 373 , 330
6.32762 , 372 , 330
6.333747 , 371 , 330
6.339868 , 370 , 330
6.346032 , 369 , 330
6.352139 , 368 , 330
6.358254 , 367 , 330
6.364377 , 366 , 330
6.370529 , 365 , 330
6.376649 , 364 , 330
6.382759 , 363 , 330
6.38886 , 362 , 330
6.395006 , 361 , 330
6.401107 , 360 , 330
6.407224 , 359 , 330
6.413334 , 358 , 330
6.419466 , 357 , 330
6.425649 , 356 , 330
6.431775 , 355 , 330
6.437879 , 354 , 330
6.444001 , 353 , 330
6.450132 , 352 , 330
6.456265 , 351 , 330
6.462388 , 350 , 330
6.468503 , 349 , 330
6.474632 , 350 , 330
6.480767 , 351 , 330
6.486879 , 352 , 330
6.492989 , 353 , 330
6.499154 , 354 , 330
6.50553 , 355 , 330
6.511735 , 356 , 330
6.517839 , 357 , 330
6.523951 , 358 , 330
6.530115 , 359 , 330
6.536236 , 360 , 330
6.542348 , 361 , 330
6.548504 , 362 , 330
6.554693 , 363 , 330
6.560821 , 364 , 330
6.566934 , 365 , 330
6.573041 , 366 , 330
6.579156 , 367 , 330
6.585261 , 368 , 330
6.591375 , 369 , 330
6.597818 , 370 , 330
6.603978 , 371 , 330
6.610164 , 372 , 330
6.616289 , 373 , 330
6.622396 , 374 , 330
6.628599 , 375 , 330
6.634721 , 376 , 330
6.64083 , 377 , 330
6.646961 , 378 , 330
6.653079 , 379 , 330
6.659196 , 380 , 330
6.66531 , 381 , 330
6.67143 , 382 , 330
6.677799 , 383 , 330
6.683937 , 384 , 330
6.690059 , 385 , 330
6.69617 , 386 , 330
6.702268 , 387 , 330
6.708394 , 388 , 330
6.714523 , 389 , 330
6.720643 , 390 , 330
6.726759 , 391 , 330
6.732893 , 392 , 330
6.739054 , 393 , 330
6.745189 , 394 , 330
6.751303 , 395 , 330
6.757557 , 396 , 330
6.763985 , 397 , 330
6.770114 , 398 , 330
6.776222 , 399 , 330
6.782334 , 400 , 330
6.788487 , 401 , 330
6.794591 , 402 , 330
6.80071 , 403 , 330
6.806812 , 404 , 330
6.812955 , 405 , 330
6.819067 , 406 , 330
6.825202 , 407 , 330
6.831316 , 408 , 330
6.837516 , 409 , 330
6.843667 , 410 , 330
6.849812 , 411 , 330
6.855912 , 412 , 330
6.862035 , 413 , 330
6.868164 , 414 , 330
6.874282 , 415 , 330
6.880439 , 416 , 330
6.886569 , 417 , 330
6.892685 , 418 , 330
6.898796 , 419 , 330
6.904912 , 420 , 330
6.911023 , 421 , 330
6.917138 , 422 , 330
6.923257 , 423 , 330
6.929366 , 424 , 330
6.935469 , 425 , 330
6.941586 , 426 , 330
6.947713 , 427 , 330
6.953828 , 428 , 330
6.95994 , 429 , 330
6.966062 , 430 , 330
6.972186 , 431 , 330
6.978304 , 432 , 330
6.984419 , 433 , 330
6.990554 , 434 , 330
6.996723 , 435 , 330
7.002856 , 436 , 330
7.008967 , 437 , 330
7.015117 , 438 , 330
7.021234 , 439 , 330
7.027344 , 440 , 330
7.033454 , 441 , 330
7.039555 , 442 , 330
7.045673 , 443 , 330
7.051798 , 444 , 330
7.057907 , 445 , 330
7.064009 , 446 , 330
7.070124 , 447 , 330
7.076264 , 448 , 330
7.082378 , 449 , 330
7.088488 , 450 , 330
7.094612 , 451 , 330
7.100729 , 450 , 330
7.106843 , 449 , 330
7.112952 , 448 , 330
7.119067 , 447 , 330
7.125201 , 446 , 330
7.13132 , 445 , 330
7.137421 , 444 , 330
7.143541 , 443 , 330
7.149651 , 442 , 330
7.155762 , 441 , 330
7.161892 , 440 , 330
7.167997 , 439 , 330
7.174114 , 438 , 330
7.180219 , 437 , 330
7.186324 , 436 , 330
7.192419 , 435 , 330
7.198528 , 434 , 330
7.204634 , 433 , 330
7.21077 , 432 , 330
7.216889 , 431 , 330
7.223009 , 430 , 330
7.229128 , 429 , 330
7.235257 , 428 , 330
7.241373 , 427 , 330
7.247535 , 426 , 330
7.253668 , 425 , 330
7.259783 , 424 , 330
7.265892 , 423 , 330
7.272042 , 422 , 330
7.278175 , 421 , 330
7.284284 , 420 , 330
7.290378 , 419 , 330
7.296525 , 418 , 330
7.302633 , 417 , 330
7.308742 , 416 , 330
7.314849 , 415 , 330
7.32096 , 414 , 330
7.327101 , 413 , 330
7.333317 , 412 , 330
7.339465 , 411 , 330
7.345582 , 410 , 330
7.351723 , 409 , 330
7.357844 , 408 , 330
7.363972 , 407 , 330
7.370086 , 406 , 330
7.376213 , 405 , 330
7.382337 , 404 , 330
7.388461 , 403 , 330
7.394566 , 402 , 330
7.400688 , 401 , 330
7.406835 , 400 , 330
7.412955 , 399 , 330
7.419065 , 398 , 330
7.425192 , 397 , 330
7.431349 , 396 , 330
7.437459 , 395 , 330
7.443569 , 394 , 330
7.449681 , 393 , 330
7.455841 , 392 , 330
7.461967 , 391 , 330
7.468095 , 390 , 330
7.474214 , 389 , 330
7.480354 , 388 , 330
7.48651 , 387 , 330
7.492635 , 386 , 330
7.498869 , 385 , 330
7.505064 , 384 , 330
7.511185 , 383 , 330
7.517296 , 382 , 330
7.523398 , 381 , 330
7.529524 , 380 , 330
7.535639 , 379 , 330
7.541759 , 378 , 330
7.54787 , 377 , 330
7.553982 , 376 , 330
7.560087 , 375 , 330
7.566212 , 374 , 330
7.572332 , 373 , 330
7.578456 , 372 , 330
7.584719 , 371 , 330
7.59084 , 370 , 330
7.596958 , 369 , 330
7.603074 , 368 , 330
7.60919 , 367 , 330
7.615319 , 366 , 330
7.621441 , 365 , 330
7.627543 , 364 , 330
7.633664 , 363 , 330
7.639771 , 362 , 330
7.64591 , 361 , 330
7.652011 , 360 , 330
7.658132 , 359 , 330
7.664244 , 358 , 330
7.67036 , 357 , 330
7.676475 , 356 , 330
7.6826 , 355 , 330
7.688712 , 354 , 330
7.694818 , 353 , 330
7.700926 , 352 , 330
7.707122 , 351 , 330
7.713575 , 350 , 330
7.719705 , 349 , 330
7.72583 , 350 , 330
7.731939 , 351 , 330
7.738064 , 352 , 330
7.744237 , 353 , 330
7.750434 , 354 , 330
7.756613 , 355 , 330
7.76275 , 356 , 330
7.768918 , 357 , 330
7.775047 , 358 , 330
7.78115 , 359 , 330
7.787317 , 360 , 330
7.793444 , 361 , 330
7.799555 , 362 , 330
7.805696 , 363 , 330
7.811832 , 364 , 330
7.817963 , 365 , 330
7.824075 , 366 , 330
7.830199 , 367 , 330
7.836306 , 368 , 330
7.842435 , 369 , 330
7.848546 , 370 , 330
7.854675 , 371 , 330
7.86078 , 372 , 330
7.866905 , 373 , 330
7.873031 , 374 , 330
7.879146 , 375 , 330
7.885253 , 376 , 330
7.891366 , 377 , 330
7.897548 , 378 , 330
7.903747 , 379 , 330
7.909958 , 380 , 330
7.9161 , 381 , 330
7.922204 , 382 , 330
7.928327 , 383 , 330
7.93443 , 384 , 330
7.940559 , 385 , 330
7.946714 , 386 , 330
7.952837 , 387 , 330
7.959022 , 388 , 330
7.965149 , 389 , 330
7.971329 , 390 , 330
7.977453 , 391 , 330
7.98359 , 392 , 330
7.989728 , 393 , 330
7.995923 , 394 , 330
8.002043 , 395 , 330
8.008156 , 396 , 330
8.014254 , 397 , 330
8.020397 , 398 , 330
8.026521 , 399 , 330
8.032638 , 400 , 330
8.038732 , 401 , 330
8.044849 , 402 , 330
8.050963 , 403 , 330
8.057082 , 404 , 330
8.063178 , 405 , 330
8.0693 , 406 , 330
8.075412 , 407 , 330
8.081526 , 408 , 330
8.087631 , 409 , 330
8.093737 , 410 , 330
8.099856 , 411 , 330
8.105982 , 412 , 330
8.112114 , 413 , 330
8.118222 , 414 , 330
8.124357 , 415 , 330
8.130488 , 416 , 330
8.136618 , 417 , 330
8.142738 , 418 , 330
8.148871 , 419 , 330
8.154973 , 420 , 330
8.16109 , 421 , 330
8.167192 , 422 , 330
8.173306 , 423 , 330
8.17946 , 424 , 330
8.185567 , 425 , 330
8.191669 , 426 , 330
8.197816 , 427 , 330
8.203929 , 428 , 330
8.210037 , 429 , 330
8.216171 , 430 , 330
8.222292 , 431 , 330
8.228409 , 432 , 330
8.234524 , 433 , 330
8.240631 , 434 , 330
8.246739 , 435 , 330
8.252856 , 436 , 330
8.258976 , 437 , 330
8.265093 , 438 , 330
8.271201 , 439 , 330
8.277344 , 440 , 330
8.283462 , 441 , 330
8.28958 , 442 , 330
8.295677 , 443 , 330
8.301794 , 444 , 330
8.307902 , 445 , 330
8.314006 , 446 , 330
8.320107 , 447 , 330
8.32622 , 448 , 330
8.332367 , 449 , 330
8.338473 , 450 , 330
8.344572 , 451 , 330
8.350743 , 450 , 330
8.356883 , 449 , 330
8.36301 , 448 , 330
8.369131 , 447 , 330
8.375244 , 446 , 330
8.381357 , 445 , 330
8.387465 , 444 , 330
8.393578 , 443 , 330
8.399686 , 442 , 330
8.405827 , 441 , 330
8.412027 , 440 , 330
8.41815 , 439 , 330
8.424253 , 438 , 330
8.430372 , 437 , 330
8.436477 , 436 , 330
8.442585 , 435 , 330
8.448689 , 434 , 330
8.454813 , 433 , 330
8.460956 , 432 , 330
8.467065 , 431 , 330
8.473161 , 430 , 330
8.47932 , 429 , 330
8.485453 , 428 , 330
8.491581 , 427 , 330
8.49771 , 426 , 330
8.50383 , 425 , 330
8.509952 , 424 , 330
8.516072 , 423 , 330
8.522174 , 422 , 330
8.528282 , 421 , 330
8.534407 , 420 , 330
8.540514 , 419 , 330
8.546617 , 418 , 330
8.552729 , 417 , 330
8.558837 , 416 , 330
8.564943 , 415 , 330
8.571127 , 414 , 330
8.57724 , 413 , 330
8.583353 , 412 , 330
8.589458 , 411 , 330
8.595575 , 410 , 330
8.601702 , 409 , 330
8.607812 , 408 , 330
8.613932 , 407 , 330
8.620042 , 406 , 330
8.626153 , 405 , 330
8.632268 , 404 , 330
8.638411 , 403 , 330
8.644545 , 402 , 330
8.650665 , 401 , 330
8.656784 , 400 , 330
8.662915 , 399 , 330
8.669017 , 398 , 330
8.675119 , 397 , 330
8.681214 , 396 , 330
8.687328 , 395 , 330
8.693434 , 394 , 330
8.699537 , 393 , 330
8.705638 , 392 , 330
8.711759 , 391 , 330
8.717904 , 390 , 330
8.724021 , 389 , 330
8.730137 , 388 , 330
8.736617 , 387 , 330
8.742772 , 386 , 330
8.748894 , 385 , 330
8.75501 , 384 , 330
8.761114 , 383 , 330
8.767266 , 382 , 330
8.773387 , 381 , 330
8.779501 , 380 , 330
8.785606 , 379 , 330
8.791716 , 378 , 330
8.797814 , 377 , 330
8.803928 , 376 , 330
8.810029 , 375 , 330
8.8163 , 374 , 330
8.822471 , 373 , 330
8.828588 , 372 , 330
8.834684 , 371 , 330
8.840804 , 370 , 330
8.846942 , 369 , 330
8.853053 , 368 , 330
8.859204 , 367 , 330
8.865311 , 366 , 330
8.871421 , 365 , 330
8.877556 , 364 , 330
8.883691 , 363 , 330
8.889802 , 362 , 330
8.895977 , 361 , 330
8.902281 , 360 , 330
8.908435 , 359 , 330
8.914705 , 358 , 330
8.921095 , 357 , 330
8.927257 , 356 , 330
8.933391 , 355 , 330
8.939492 , 354 , 330
8.945611 , 353 , 330
8.951727 , 352 , 330
8.95789 , 351 , 330
8.964003 , 350 , 330
8.970101 , 349 , 330
8.976261 , 350 , 330
8.982446 , 351 , 330
8.988562 , 352 , 330
8.99467 , 353 , 330
9.000786 , 354 , 330
9.006913 , 355 , 330
9.013024 , 356 , 330
9.019135 , 357 , 330
9.025254 , 358 , 330
9.031362 , 359 , 330
9.037497 , 360 , 330
9.043603 , 361 , 330
9.049724 , 362 , 330
9.055823 , 363 , 330
9.061934 , 364 , 330
9.068039 , 365 , 330
9.074153 , 366 , 330
9.080271 , 367 , 330
9.086379 , 368 , 330
9.092522 , 369 , 330
9.098619 , 370 , 330
9.104737 , 371 , 330
9.110851 , 372 , 330
9.11696 , 373 , 330
9.123063 , 374 , 330
9.129182 , 375 , 330
9.135286 , 376 , 330
9.141622 , 377 , 330
9.147803 , 378 , 330
9.154111 , 379 , 330
9.1603 , 380 , 330
9.166446 , 381 , 330
9.172574 , 382 , 330
9.178705 , 383 , 330
9.184925 , 384 , 330
9.191055 , 385 , 330
9.197179 , 386 , 330
9.203284 , 387 , 330
9.209413 , 388 , 330
9.215522 , 389 , 330
9.221644 , 390 , 330
9.227758 , 391 , 330
9.234203 , 392 , 330
9.240332 , 393 , 330
9.246448 , 394 , 330
9.252554 , 395 , 330
9.258677 , 396 , 330
9.264789 , 397 , 330
9.270903 , 398 , 330
9.277007 , 399 , 330
9.283118 , 400 , 330
9.289294 , 401 , 330
9.295419 , 402 , 330
9.301554 , 403 , 330
9.307754 , 404 , 330
9.313877 , 405 , 330
9.31998 , 406 , 330
9.32609 , 407 , 330
9.332203 , 408 , 330
9.338357 , 409 , 330
9.344468 , 410 , 330
9.350574 , 411 , 330
9.356677 , 412 , 330
9.362794 , 413 , 330
9.368903 , 414 , 330
9.375012 , 415 , 330
9.381111 , 416 , 330
9.387226 , 417 , 330
9.393372 , 418 , 330
9.399478 , 419 , 330
9.405581 , 420 , 330
9.411688 , 421 , 330
9.417856 , 422 , 330
9.423986 , 423 , 330
9.430109 , 424 , 330
9.436218 , 425 , 330
9.442366 , 426 , 330
9.448497 , 427 , 330
9.454633 , 428 , 330
9.460759 , 429 , 330
9.466917 , 430 , 330
9.473114 , 431 , 330
9.479236 , 432 , 330
9.485341 , 433 , 330
9.491443 , 434 , 330
9.497549 , 435 , 330
9.503656 , 436 , 330
9.509757 , 437 , 330
9.515876 , 438 , 330
9.521984 , 439 , 330
9.528101 , 440 , 330
9.534216 , 441 , 330
9.540331 , 442 , 330
9.546463 , 443 , 330
9.552573 , 444 , 330
9.558695 , 445 , 330
9.564809 , 446 , 330
9.570935 , 447 , 330
9.577048 , 448 , 330
9.583167 , 449 , 330
9.589277 , 450 , 330
9.595406 , 451 , 330
9.601509 , 450 , 330
9.607624 , 449 , 330
9.613724 , 448 , 330
9.619894 , 447 , 330
9.626009 , 446 , 330
9.632121 , 445 , 330
9.638219 , 444 , 330
9.644369 , 443 , 330
9.650554 , 442 , 330
9.656663 , 441 , 330
9.662771 , 440 , 330
9.668896 , 439 , 330
9.675016 , 438 , 330
9.68113 , 437 , 330
9.68727 , 436 , 330
9.693378 , 435 , 330
9.699483 , 434 , 330
9.705592 , 433 , 330
9.711702 , 432 , 330
9.71779 , 431 , 330
9.723903 , 430 , 330
9.730009 , 429 , 330
9.736115 , 428 , 330
9.74223 , 427 , 330
9.748368 , 426 , 330
9.754471 , 425 , 330
9.76058 , 424 , 330
9.766687 , 423 , 330
9.772802 , 422 , 330
9.778916 , 421 , 330
9.785024 , 420 , 330
9.791122 , 419 , 330
9.797242 , 418 , 330
9.803398 , 417 , 330
9.809529 , 416 , 330
9.815642 , 415 , 330
9.821769 , 414 , 330
9.827926 , 413 , 330
9.834067 , 412 , 330
9.840193 , 411 , 330
9.846287 , 410 , 330
9.852449 , 409 , 330
9.858565 , 408 , 330
9.86469 , 407 , 330
9.870787 , 406 , 330
9.876922 , 405 , 330
9.883024 , 404 , 330
9.889147 , 403 , 330
9.89525 , 402 , 330
9.901387 , 401 , 330
9.907549 , 400 , 330
9.913742 , 399 , 330
9.919857 , 398 , 330
9.925993 , 397 , 330
9.932104 , 396 , 330
9.938236 , 395 , 330
9.944339 , 394 , 330
9.950475 , 393 , 330
9.956598 , 392 , 330
9.962725 , 391 , 330
9.969022 , 390 , 330
9.97518 , 389 , 330
9.981303 , 388 , 330
9.987411 , 387 , 330
9.993528 , 386 , 330
9.999636 , 385 , 330
10.005753 , 384 , 330
10.011863 , 383 , 330
10.017982 , 382 , 330
10.024079 , 381 , 330
10.030229 , 380 , 330
10.036339 , 379 , 330
10.042471 , 378 , 330
10.048817 , 377 , 330
10.055152 , 376 , 330
10.061299 , 375 , 330
10.067427 , 374 , 330
10.073553 , 373 , 330
10.079657 , 372 , 330
10.085779 , 371 , 330
10.091905 , 370 , 330
10.098027 , 369 , 330
10.104155 , 368 , 330
10.110283 , 367 , 330
10.116388 , 366 , 330
10.122684 , 365 , 330
10.129058 , 364 , 330
10.135212 , 363 , 330
10.141328 , 362 , 330
10.147496 , 361 , 330
10.153601 , 360 , 330
10.159723 , 359 , 330
10.165843 , 358 , 330
10.171954 , 357 , 330
10.17806 , 356 , 330
10.184172 , 355 , 330
10.190289 , 354 , 330
10.196413 , 353 , 330
10.202535 , 352 , 330
10.208651 , 351 , 330
10.214807 , 350 , 330
10.220928 , 349 , 330
10.227068 , 350 , 330
10.23318 , 351 , 330
10.239343 , 352 , 330
10.24546 , 353 , 330
10.251575 , 354 , 330
10.257681 , 355 , 330
10.263807 , 356 , 330
10.269907 , 357 , 330
10.276017 , 358 , 330
10.282119 , 359 , 330
10.288241 , 360 , 330
10.294392 , 361 , 330
10.300505 , 362 , 330
10.306612 , 363 , 330
10.312723 , 364 , 330
10.318877 , 365 , 330
10.324997 , 366 , 330
10.331122 , 367 , 330
10.337238 , 368 , 330
10.343395 , 369 , 330
10.349597 , 370 , 330
10.35581 , 371 , 330
10.361932 , 372 , 330
10.368106 , 373 , 330
10.374226 , 374 , 330
10.380426 , 375 , 330
10.386567 , 376 , 330
10.392718 , 377 , 330
10.39887 , 378 , 330
10.404984 , 379 , 330
10.411085 , 380 , 330
10.417275 , 381 , 330
10.423387 , 382 , 330
10.429512 , 383 , 330
10.435644 , 384 , 330
10.441762 , 385 , 330
10.44788 , 386 , 330
10.454002 , 387 , 330
10.460121 , 388 , 330
10.466218 , 389 , 330
10.472347 , 390 , 330
10.478464 , 391 , 330
10.484586 , 392 , 330
10.490694 , 393 , 330
10.496818 , 394 , 330
10.502945 , 395 , 330
10.509069 , 396 , 330
10.515165 , 397 , 330
10.521282 , 398 , 330
10.527394 , 399 , 330
10.533503 , 400 , 330
10.5396 , 401 , 330
10.545784 , 402 , 330
10.552093 , 403 , 330
10.558223 , 404 , 330
10.564358 , 405 , 330
10.570468 , 406 , 330
10.576587 , 407 , 330
10.582712 , 408 , 330
10.588817 , 409 , 330
10.594927 , 410 , 330
10.601048 , 411 , 330
10.60717 , 412 , 330
10.613293 , 413 , 330
10.619404 , 414 , 330
10.625565 , 415 , 330
10.631727 , 416 , 330
10.637837 , 417 , 330
10.643933 , 418 , 330
10.650069 , 419 , 330
10.656204 , 420 , 330
10.662314 , 421 , 330
10.668411 , 422 , 330
10.674531 , 423 , 330
10.680643 , 424 , 330
10.68675 , 425 , 330
10.692889 , 426 , 330
10.699009 , 427 , 330
10.705125 , 428 , 330
10.71139 , 429 , 330
10.717515 , 430 , 330
10.723624 , 431 , 330
10.729742 , 432 , 330
10.735847 , 433 , 330
10.741955 , 434 , 330
10.74806 , 435 , 330
10.754194 , 436 , 330
10.760311 , 437 , 330
10.76643 , 438 , 330
10.772535 , 439 , 330
10.778655 , 440 , 330
10.784776 , 441 , 330
10.790937 , 442 , 330
10.79707 , 443 , 330
10.803188 , 444 , 330
10.809329 , 445 , 330
10.81546 , 446 , 330
10.821579 , 447 , 330
10.827672 , 448 , 330
10.833825 , 449 , 330
10.839959 , 450 , 330
10.846102 , 451 , 330
10.852228 , 450 , 330
10.85837 , 449 , 330
10.864514 , 448 , 330
10.870637 , 447 , 330
10.87689 , 446 , 330
10.883027 , 445 , 330
10.889148 , 444 , 330
10.895259 , 443 , 330
10.901363 , 442 , 330
10.907481 , 441 , 330
10.913629 , 440 , 330
10.919749 , 439 , 330
10.925849 , 438 , 330
10.931994 , 437 , 330
10.938129 , 436 , 330
10.944237 , 435 , 330
10.950352 , 434 , 330
10.956463 , 433 , 330
10.962594 , 432 , 330
10.968713 , 431 , 330
10.974852 , 430 , 330
10.980966 , 429 , 330
10.987101 , 428 , 330
10.993232 , 427 , 330
10.999344 , 426 , 330
11.005445 , 425 , 330
11.011568 , 424 , 330
11.017675 , 423 , 330
11.023784 , 422 , 330
11.029892 , 421 , 330
11.036005 , 420 , 330
11.042113 , 419 , 330
11.048224 , 418 , 330
11.05432 , 417 , 330
11.060435 , 416 , 330
11.066548 , 415 , 330
11.072656 , 414 , 330
11.078767 , 413 , 330
11.084894 , 412 , 330
11.091003 , 411 , 330
11.09711 , 410 , 330
11.10322 , 409 , 330
11.109328 , 408 , 330
11.11545 , 407 , 330
11.121695 , 406 , 330
11.127849 , 405 , 330
11.133973 , 404 , 330
11.140146 , 403 , 330
11.146267 , 402 , 330
11.152382 , 401 , 330
11.158495 , 400 , 330
11.164628 , 399 , 330
11.170736 , 398 , 330
11.176852 , 397 , 330
11.182952 , 396 , 330
11.189105 , 395 , 330
11.195226 , 394 , 330
11.201339 , 393 , 330
11.207467 , 392 , 330
11.213599 , 391 , 330
11.219719 , 390 , 330
11.225828 , 389 , 330
11.231933 , 388 , 330
11.238035 , 387 , 330
11.244156 , 386 , 330
11.25026 , 385 , 330
11.256366 , 384 , 330
11.262487 , 383 , 330
11.2686 , 382 , 330
11.274702 , 381 , 330
11.280809 , 380 , 330
11.286923 , 379 , 330
11.293089 , 378 , 330
11.299421 , 377 , 330
11.305623 , 376 , 330
11.31175 , 375 , 330
11.317869 , 374 , 330
11.323982 , 373 , 330
11.330304 , 372 , 330
11.336559 , 371 , 330
11.342662 , 370 , 330
11.348801 , 369 , 330
11.354923 , 368 , 330
11.361037 , 367 , 330
11.367138 , 366 , 330
11.373263 , 365 , 330
11.379386 , 364 , 330
11.385498 , 363 , 330
11.391602 , 362 , 330
11.397728 , 361 , 330
11.403839 , 360 , 330
11.40995 , 359 , 330
11.416057 , 358 , 330
11.422172 , 357 , 330
11.428284 , 356 , 330
11.434404 , 355 , 330
11.440516 , 354 , 330
11.446636 , 353 , 330
11.452853 , 352 , 330
11.459024 , 351 , 330
11.465136 , 350 , 330
11.471238 , 349 , 330
11.477382 , 350 , 330
11.483504 , 351 , 330
11.489638 , 352 , 330
11.495771 , 353 , 330
11.501929 , 354 , 330
11.508052 , 355 , 330
11.514192 , 356 , 330
11.520313 , 357 , 330
11.526465 , 358 , 330
11.532583 , 359 , 330
11.538705 , 360 , 330
11.544807 , 361 , 330
11.550942 , 362 , 330
11.557055 , 363 , 330
11.563163 , 364 , 330
11.569275 , 365 , 330
11.575414 , 366 , 330
11.581539 , 367 , 330
11.587651 , 368 , 330
11.593783 , 369 , 330
11.599912 , 370 , 330
11.606029 , 371 , 330
11.612158 , 372 , 330
11.618468 , 373 , 330
11.624608 , 374 , 330
11.630748 , 375 , 330
11.63686 , 376 , 330
11.64298 , 377 , 330
11.649091 , 378 , 330
11.655217 , 379 , 330
11.661328 , 380 , 330
11.667457 , 381 , 330
11.673561 , 382 , 330
11.679679 , 383 , 330
11.685789 , 384 , 330
