0.558775 , 401 , 331
0.559966 , 402 , 332
0.561047 , 403 , 333
0.562099 , 404 , 334
0.563165 , 405 , 335
0.564225 , 406 , 336
0.565284 , 407 , 337
0.566344 , 408 , 338
0.567407 , 409 , 339
0.568466 , 410 , 340
0.569524 , 411 , 341
0.570581 , 412 , 342
0.571634 , 413 , 343
0.572685 , 414 , 344
0.573738 , 415 , 345
0.574793 , 416 , 346
0.575849 , 417 , 347
0.576912 , 418 , 348
0.577974 , 419 , 349
0.579039 , 420 , 350
0.580095 , 421 , 351
0.581154 , 422 , 352
0.582214 , 423 , 353
0.583305 , 424 , 354
0.584362 , 425 , 355
0.585417 , 426 , 356
0.586501 , 427 , 357
0.587558 , 428 , 358
0.588614 , 429 , 359
0.589676 , 430 , 360
0.590763 , 431 , 361
0.591813 , 432 , 362
0.592867 , 433 , 363
0.593934 , 434 , 364
0.595019 , 435 , 365
0.596078 , 436 , 366
0.597128 , 437 , 367
0.598183 , 438 , 368
0.599246 , 439 , 369
0.600303 , 440 , 370
0.601358 , 441 , 371
0.602416 , 442 , 372
0.603511 , 443 , 373
0.604573 , 444 , 374
0.605628 , 445 , 375
0.606685 , 446 , 376
0.607769 , 447 , 377
0.60882 , 448 , 378
0.609881 , 449 , 379
0.610998 , 450 , 380
0.612088 , 451 , 381
0.613166 , 450 , 380
0.614227 , 449 , 379
0.615288 , 448 , 378
0.616341 , 447 , 377
0.617397 , 446 , 376
0.618453 , 445 , 375
0.619511 , 444 , 374
0.620616 , 443 , 373
0.621724 , 442 , 372
0.62278 , 441 , 371
0.623864 , 440 , 370
0.624919 , 439 , 369
0.625975 , 438 , 368
0.627031 , 437 , 367
0.628113 , 436 , 366
0.629168 , 435 , 365
0.630223 , 434 , 364
0.63133 , 433 , 363
0.632383 , 432 , 362
0.633435 , 431 , 361
0.63449 , 430 , 360
0.635725 , 429 , 359
0.636889 , 428 , 358
0.637949 , 427 , 357
0.639005 , 426 , 356
0.640062 , 425 , 355
0.641123 , 424 , 354
0.642176 , 423 , 353
0.643235 , 422 , 352
0.644292 , 421 , 351
0.645344 , 420 , 350
0.646395 , 419 , 349
0.647489 , 418 , 348
0.648542 , 417 , 347
0.649596 , 416 , 346
0.650651 , 415 , 345
0.651709 , 414 , 344
0.652763 , 413 , 343
0.653818 , 412 , 342
0.65487 , 411 , 341
0.655927 , 410 , 340
0.656974 , 409 , 339
0.658031 , 408 , 338
0.659087 , 407 , 337
0.660143 , 406 , 336
0.661193 , 405 , 335
0.662246 , 404 , 334
0.663309 , 403 , 333
0.6644 , 402 , 332
0.665447 , 401 , 331
0.666502 , 400 , 330
0.667558 , 399 , 329
0.66861 , 398 , 328
0.669662 , 397 , 327
0.670719 , 396 , 326
0.671827 , 395 , 325
0.672881 , 394 , 324
0.673951 , 393 , 323
0.675032 , 392 , 322
0.676094 , 391 , 321
0.677148 , 390 , 320
0.678206 , 389 , 319
0.67926 , 388 , 318
0.680325 , 387 , 317
0.681402 , 386 , 316
0.682465 , 385 , 315
0.683521 , 384 , 314
0.684611 , 383 , 313
0.685669 , 382 , 312
0.686723 , 381 , 311
0.687779 , 380 , 310
0.688841 , 379 , 309
0.689894 , 378 , 308
0.690944 , 377 , 307
0.692048 , 376 , 306
0.6931 , 375 , 305
0.694157 , 374 , 304
0.695208 , 373 , 303
0.696266 , 372 , 302
0.697318 , 371 , 301
0.698388 , 370 , 300
0.699448 , 369 , 299
0.700514 , 368 , 298
0.701569 , 367 , 297
0.702622 , 366 , 296
0.703677 , 365 , 295
0.704737 , 364 , 294
0.705791 , 363 , 293
0.706845 , 362 , 292
0.707896 , 361 , 291
0.708958 , 360 , 290
0.710015 , 359 , 289
0.711066 , 358 , 288
0.712175 , 357 , 287
0.713227 , 356 , 286
0.71428 , 355 , 285
0.715334 , 354 , 284
0.716393 , 353 , 283
0.717449 , 352 , 282
0.718506 , 351 , 281
0.719561 , 350 , 280
0.720622 , 349 , 279
0.721673 , 350 , 280
0.722727 , 351 , 281
0.723781 , 352 , 282
0.724844 , 353 , 283
0.725904 , 354 , 284
0.726954 , 355 , 285
0.72801 , 356 , 286
0.729069 , 357 , 287
0.730124 , 358 , 288
0.731178 , 359 , 289
0.732245 , 360 , 290
0.733329 , 361 , 291
0.734385 , 362 , 292
0.735452 , 363 , 293
0.736554 , 364 , 294
0.737608 , 365 , 295
0.738664 , 366 , 296
0.739721 , 367 , 297
0.74078 , 368 , 298
0.741839 , 369 , 299
0.742897 , 370 , 300
0.743951 , 371 , 301
0.745012 , 372 , 302
0.746071 , 373 , 303
0.747127 , 374 , 304
0.748184 , 375 , 305
0.749242 , 376 , 306
0.750304 , 377 , 307
0.751368 , 378 , 308
0.752428 , 379 , 309
0.753513 , 380 , 310
0.754571 , 381 , 311
0.755626 , 382 , 312
0.756685 , 383 , 313
0.757741 , 384 , 314
0.758803 , 385 , 315
0.759871 , 386 , 316
0.76097 , 387 , 317
0.76222 , 388 , 318
0.763378 , 389 , 319
0.764438 , 390 , 320
0.765506 , 391 , 321
0.766574 , 392 , 322
0.767712 , 393 , 323
0.768825 , 394 , 324
0.76989 , 395 , 325
0.77095 , 396 , 326
0.772006 , 397 , 327
0.773067 , 398 , 328
0.774123 , 399 , 329
0.775179 , 400 , 330
0.776232 , 401 , 331
0.777297 , 402 , 332
0.778348 , 403 , 333
0.779401 , 404 , 334
0.780454 , 405 , 335
0.781515 , 406 , 336
0.782571 , 407 , 337
0.783626 , 408 , 338
0.784677 , 409 , 339
0.785779 , 410 , 340
0.78684 , 411 , 341
0.787897 , 412 , 342
0.788993 , 413 , 343
0.790059 , 414 , 344
0.791114 , 415 , 345
0.792169 , 416 , 346
0.793228 , 417 , 347
0.79429 , 418 , 348
0.795349 , 419 , 349
0.796406 , 420 , 350
0.797471 , 421 , 351
0.798523 , 422 , 352
0.79958 , 423 , 353
0.800634 , 424 , 354
0.801695 , 425 , 355
0.80275 , 426 , 356
0.803804 , 427 , 357
0.804861 , 428 , 358
0.805961 , 429 , 359
0.80703 , 430 , 360
0.808092 , 431 , 361
0.809186 , 432 , 362
0.810272 , 433 , 363
0.811359 , 434 , 364
0.812422 , 435 , 365
0.813486 , 436 , 366
0.814554 , 437 , 367
0.815707 , 438 , 368
0.816812 , 439 , 369
0.817945 , 440 , 370
0.819021 , 441 , 371
0.820082 , 442 , 372
0.821152 , 443 , 373
0.822226 , 444 , 374
0.823285 , 445 , 375
0.824351 , 446 , 376
0.82542 , 447 , 377
0.826482 , 448 , 378
0.827541 , 449 , 379
0.828603 , 450 , 380
0.829675 , 451 , 381
0.83077 , 450 , 380
0.83183 , 449 , 379
0.832885 , 448 , 378
0.833948 , 447 , 377
0.835005 , 446 , 376
0.836063 , 445 , 375
0.837129 , 444 , 374
0.838189 , 443 , 373
0.839246 , 442 , 372
0.840303 , 441 , 371
0.841357 , 440 , 370
0.842423 , 439 , 369
0.843495 , 438 , 368
0.844584 , 437 , 367
0.84567 , 436 , 366
0.846756 , 435 , 365
0.84782 , 434 , 364
0.848879 , 433 , 363
0.84997 , 432 , 362
0.85103 , 431 , 361
0.852091 , 430 , 360
0.853166 , 429 , 359
0.854285 , 428 , 358
0.85535 , 427 , 357
0.856405 , 426 , 356
0.857462 , 425 , 355
0.858561 , 424 , 354
0.859615 , 423 , 353
0.860671 , 422 , 352
0.861725 , 421 , 351
0.862847 , 420 , 350
0.863905 , 419 , 349
0.86496 , 418 , 348
0.866026 , 417 , 347
0.867088 , 416 , 346
0.868143 , 415 , 345
0.869199 , 414 , 344
0.870269 , 413 , 343
0.871348 , 412 , 342
0.872413 , 411 , 341
0.873473 , 410 , 340
0.874595 , 409 , 339
0.875667 , 408 , 338
0.876734 , 407 , 337
0.877818 , 406 , 336
0.878899 , 405 , 335
0.879975 , 404 , 334
0.881039 , 403 , 333
0.882101 , 402 , 332
0.883166 , 401 , 331
0.884224 , 400 , 330
0.885305 , 399 , 329
0.886394 , 398 , 328
0.887554 , 397 , 327
0.889086 , 396 , 326
0.890382 , 395 , 325
0.891454 , 394 , 324
0.892517 , 393 , 323
0.893656 , 392 , 322
0.894718 , 391 , 321
0.895778 , 390 , 320
0.896835 , 389 , 319
0.897898 , 388 , 318
0.89895 , 387 , 317
0.900006 , 386 , 316
0.901063 , 385 , 315
0.902131 , 384 , 314
0.90322 , 383 , 313
0.904308 , 382 , 312
0.905362 , 381 , 311
0.906472 , 380 , 310
0.90753 , 379 , 309
0.908602 , 378 , 308
0.909707 , 377 , 307
0.910772 , 376 , 306
0.911837 , 375 , 305
0.912898 , 374 , 304
0.913961 , 373 , 303
0.915024 , 372 , 302
0.916077 , 371 , 301
0.917136 , 370 , 300
0.918196 , 369 , 299
0.919252 , 368 , 298
0.920304 , 367 , 297
0.921363 , 366 , 296
0.922422 , 365 , 295
0.923482 , 364 , 294
0.924591 , 363 , 293
0.9257 , 362 , 292
0.926753 , 361 , 291
0.927811 , 360 , 290
0.928865 , 359 , 289
0.929983 , 358 , 288
0.93106 , 357 , 287
0.932165 , 356 , 286
0.933333 , 355 , 285
0.934475 , 354 , 284
0.935548 , 353 , 283
0.936605 , 352 , 282
0.937665 , 351 , 281
0.938724 , 350 , 280
0.939785 , 349 , 279
0.940915 , 350 , 280
0.942052 , 351 , 281
0.943119 , 352 , 282
0.944176 , 353 , 283
0.945277 , 354 , 284
0.946373 , 355 , 285
0.947437 , 356 , 286
0.948497 , 357 , 287
0.949556 , 358 , 288
0.950617 , 359 , 289
0.95168 , 360 , 290
0.952736 , 361 , 291
0.953797 , 362 , 292
0.954855 , 363 , 293
0.955909 , 364 , 294
0.956969 , 365 , 295
0.958022 , 366 , 296
0.95908 , 367 , 297
0.960133 , 368 , 298
0.961187 , 369 , 299
0.962244 , 370 , 300
0.963345 , 371 , 301
0.964394 , 372 , 302
0.965456 , 373 , 303
0.966548 , 374 , 304
0.967644 , 375 , 305
0.968701 , 376 , 306
0.969757 , 377 , 307
0.970828 , 378 , 308
0.97189 , 379 , 309
0.972937 , 380 , 310
0.973996 , 381 , 311
0.975055 , 382 , 312
0.976112 , 383 , 313
0.977167 , 384 , 314
0.97822 , 385 , 315
0.979331 , 386 , 316
0.980391 , 387 , 317
0.981439 , 388 , 318
0.982492 , 389 , 319
0.983592 , 390 , 320
0.98465 , 391 , 321
0.985705 , 392 , 322
0.986761 , 393 , 323
0.987824 , 394 , 324
0.988884 , 395 , 325
0.989937 , 396 , 326
0.991005 , 397 , 327
0.992065 , 398 , 328
0.99312 , 399 , 329
0.994174 , 400 , 330
0.995229 , 401 , 331
0.996286 , 402 , 332
0.99734 , 403 , 333
0.998385 , 404 , 334
0.999448 , 405 , 335
1.000504 , 406 , 336
1.001559 , 407 , 337
1.002615 , 408 , 338
1.003674 , 409 , 339
1.004728 , 410 , 340
1.005781 , 411 , 341
1.006828 , 412 , 342
1.007895 , 413 , 343
1.008951 , 414 , 344
1.01001 , 415 , 345
1.011092 , 416 , 346
1.01215 , 417 , 347
1.013207 , 418 , 348
1.014265 , 419 , 349
1.015539 , 420 , 350
1.016726 , 421 , 351
1.017791 , 422 , 352
1.018872 , 423 , 353
1.019943 , 424 , 354
1.021 , 425 , 355
1.022062 , 426 , 356
1.023121 , 427 , 357
1.024179 , 428 , 358
1.025235 , 429 , 359
1.026295 , 430 , 360
1.027349 , 431 , 361
1.02841 , 432 , 362
1.029465 , 433 , 363
1.030519 , 434 , 364
1.031579 , 435 , 365
1.032679 , 436 , 366
1.033735 , 437 , 367
1.034787 , 438 , 368
1.035877 , 439 , 369
1.03693 , 440 , 370
1.037984 , 441 , 371
1.039037 , 442 , 372
1.040124 , 443 , 373
1.041188 , 444 , 374
1.042248 , 445 , 375
1.043305 , 446 , 376
1.044367 , 447 , 377
1.045422 , 448 , 378
1.046478 , 449 , 379
1.04753 , 450 , 380
1.048588 , 451 , 381
1.049637 , 450 , 380
1.050698 , 449 , 379
1.051759 , 448 , 378
1.052853 , 447 , 377
1.053945 , 446 , 376
1.055001 , 445 , 375
1.056061 , 444 , 374
1.057147 , 443 , 373
1.058195 , 442 , 372
1.059248 , 441 , 371
1.060334 , 440 , 370
1.061388 , 439 , 369
1.062437 , 438 , 368
1.063491 , 437 , 367
1.06455 , 436 , 366
1.065603 , 435 , 365
1.066651 , 434 , 364
1.067705 , 433 , 363
1.068761 , 432 , 362
1.069813 , 431 , 361
1.070867 , 430 , 360
1.07192 , 429 , 359
1.072974 , 428 , 358
1.074024 , 427 , 357
1.075076 , 426 , 356
1.076139 , 425 , 355
1.077223 , 424 , 354
1.078277 , 423 , 353
1.079329 , 422 , 352
1.080389 , 421 , 351
1.081446 , 420 , 350
1.082499 , 419 , 349
1.083548 , 418 , 348
1.084632 , 417 , 347
1.085691 , 416 , 346
1.086743 , 415 , 345
1.087795 , 414 , 344
1.088852 , 413 , 343
1.089907 , 412 , 342
1.090961 , 411 , 341
1.092012 , 410 , 340
1.093071 , 409 , 339
1.094122 , 408 , 338
1.09518 , 407 , 337
1.096281 , 406 , 336
1.097358 , 405 , 335
1.098411 , 404 , 334
1.099464 , 403 , 333
1.100524 , 402 , 332
1.101576 , 401 , 331
1.102632 , 400 , 330
1.103684 , 399 , 329
1.104769 , 398 , 328
1.105832 , 397 , 327
1.106888 , 396 , 326
1.10794 , 395 , 325
1.109034 , 394 , 324
1.110087 , 393 , 323
1.11114 , 392 , 322
1.112192 , 391 , 321
1.113257 , 390 , 320
1.11431 , 389 , 319
1.115364 , 388 , 318
1.116456 , 387 , 317
1.117511 , 386 , 316
1.118569 , 385 , 315
1.119623 , 384 , 314
1.12068 , 383 , 313
1.121733 , 382 , 312
1.122785 , 381 , 311
1.123839 , 380 , 310
1.124894 , 379 , 309
1.125941 , 378 , 308
1.126996 , 377 , 307
1.128048 , 376 , 306
1.129106 , 375 , 305
1.130159 , 374 , 304
1.13121 , 373 , 303
1.132266 , 372 , 302
1.133343 , 371 , 301
1.13439 , 370 , 300
1.135448 , 369 , 299
1.136505 , 368 , 298
1.137561 , 367 , 297
1.138613 , 366 , 296
1.139664 , 365 , 295
1.140774 , 364 , 294
1.141996 , 363 , 293
1.143162 , 362 , 292
1.144219 , 361 , 291
1.145279 , 360 , 290
1.146329 , 359 , 289
1.147387 , 358 , 288
1.148441 , 357 , 287
1.149535 , 356 , 286
1.150589 , 355 , 285
1.151636 , 354 , 284
1.152693 , 353 , 283
1.15375 , 352 , 282
1.154799 , 351 , 281
1.155873 , 350 , 280
1.156954 , 349 , 279
1.158009 , 350 , 280
1.159062 , 351 , 281
1.16011 , 352 , 282
1.161169 , 353 , 283
1.162226 , 354 , 284
1.163281 , 355 , 285
1.164345 , 356 , 286
1.165407 , 357 , 287
1.166462 , 358 , 288
1.167515 , 359 , 289
1.168562 , 360 , 290
1.169649 , 361 , 291
1.170701 , 362 , 292
1.171756 , 363 , 293
1.172817 , 364 , 294
1.173893 , 365 , 295
1.174947 , 366 , 296
1.175997 , 367 , 297
1.17707 , 368 , 298
1.17813 , 369 , 299
1.179186 , 370 , 300
1.180236 , 371 , 301
1.181303 , 372 , 302
1.18236 , 373 , 303
1.183413 , 374 , 304
1.184466 , 375 , 305
1.185523 , 376 , 306
1.186579 , 377 , 307
1.187685 , 378 , 308
1.18875 , 379 , 309
1.189822 , 380 , 310
1.190909 , 381 , 311
1.19198 , 382 , 312
1.193037 , 383 , 313
1.194136 , 384 , 314
1.195193 , 385 , 315
1.196251 , 386 , 316
1.197313 , 387 , 317
1.198376 , 388 , 318
1.19943 , 389 , 319
1.200487 , 390 , 320
1.201599 , 391 , 321
1.202651 , 392 , 322
1.203709 , 393 , 323
1.204768 , 394 , 324
1.205826 , 395 , 325
1.206882 , 396 , 326
1.207934 , 397 , 327
1.208986 , 398 , 328
1.210048 , 399 , 329
1.2111 , 400 , 330
1.212156 , 401 , 331
1.213212 , 402 , 332
1.214267 , 403 , 333
1.215321 , 404 , 334
1.216379 , 405 , 335
1.217434 , 406 , 336
1.218518 , 407 , 337
1.219568 , 408 , 338
1.220625 , 409 , 339
1.221734 , 410 , 340
1.222788 , 411 , 341
1.223843 , 412 , 342
1.224932 , 413 , 343
1.226041 , 414 , 344
1.227099 , 415 , 345
1.228152 , 416 , 346
1.229215 , 417 , 347
1.230277 , 418 , 348
1.231333 , 419 , 349
1.232387 , 420 , 350
1.23344 , 421 , 351
1.234496 , 422 , 352
1.23555 , 423 , 353
1.236603 , 424 , 354
1.237657 , 425 , 355
1.238743 , 426 , 356
1.239797 , 427 , 357
1.240853 , 428 , 358
1.241914 , 429 , 359
1.243003 , 430 , 360
1.244054 , 431 , 361
1.245102 , 432 , 362
1.24619 , 433 , 363
1.247242 , 434 , 364
1.248294 , 435 , 365
1.249345 , 436 , 366
1.250409 , 437 , 367
1.251466 , 438 , 368
1.252519 , 439 , 369
1.253568 , 440 , 370
1.25463 , 441 , 371
1.255684 , 442 , 372
1.256744 , 443 , 373
1.257801 , 444 , 374
1.258859 , 445 , 375
1.259914 , 446 , 376
1.260972 , 447 , 377
1.262034 , 448 , 378
1.263118 , 449 , 379
1.264174 , 450 , 380
1.265233 , 451 , 381
1.266293 , 450 , 380
1.267352 , 449 , 379
1.268584 , 448 , 378
1.269763 , 447 , 377
1.270874 , 446 , 376
1.271984 , 445 , 375
1.273057 , 444 , 374
1.274117 , 443 , 373
1.275185 , 442 , 372
1.276243 , 441 , 371
1.277297 , 440 , 370
1.278355 , 439 , 369
1.279443 , 438 , 368
1.280498 , 437 , 367
1.281554 , 436 , 366
1.28264 , 435 , 365
1.283697 , 434 , 364
1.284752 , 433 , 363
1.285805 , 432 , 362
1.286892 , 431 , 361
1.287945 , 430 , 360
1.288999 , 429 , 359
1.290054 , 428 , 358
1.291113 , 427 , 357
1.292174 , 426 , 356
1.293229 , 425 , 355
1.294289 , 424 , 354
1.29535 , 423 , 353
1.2964 , 422 , 352
1.297454 , 421 , 351
1.298512 , 420 , 350
1.299568 , 419 , 349
1.301049 , 418 , 348
1.30226 , 417 , 347
1.303324 , 416 , 346
1.304413 , 415 , 345
1.305501 , 414 , 344
1.306623 , 413 , 343
1.307911 , 412 , 342
1.309028 , 411 , 341
1.310119 , 410 , 340
1.311232 , 409 , 339
1.312376 , 408 , 338
1.313504 , 407 , 337
1.314624 , 406 , 336
1.315787 , 405 , 335
1.316852 , 404 , 334
1.317911 , 403 , 333
1.319016 , 402 , 332
1.320072 , 401 , 331
1.321246 , 400 , 330
1.322352 , 399 , 329
1.323481 , 398 , 328
1.324539 , 397 , 327
1.325597 , 396 , 326
1.326652 , 395 , 325
1.327722 , 394 , 324
1.328771 , 393 , 323
1.329826 , 392 , 322
1.330881 , 391 , 321
1.331941 , 390 , 320
1.333 , 389 , 319
1.334055 , 388 , 318
1.335111 , 387 , 317
1.336171 , 386 , 316
1.337223 , 385 , 315
1.338276 , 384 , 314
1.33933 , 383 , 313
1.340377 , 382 , 312
1.341434 , 381 , 311
1.342491 , 380 , 310
1.343555 , 379 , 309
1.344611 , 378 , 308
1.345669 , 377 , 307
1.346747 , 376 , 306
1.347875 , 375 , 305
1.348949 , 374 , 304
1.350011 , 373 , 303
1.351067 , 372 , 302
1.352128 , 371 , 301
1.353182 , 370 , 300
1.354274 , 369 , 299
1.355611 , 368 , 298
1.356723 , 367 , 297
1.357787 , 366 , 296
1.358848 , 365 , 295
1.359914 , 364 , 294
1.360973 , 363 , 293
1.36203 , 362 , 292
1.363155 , 361 , 291
1.364416 , 360 , 290
1.365484 , 359 , 289
1.366552 , 358 , 288
1.367616 , 357 , 287
1.368681 , 356 , 286
1.369739 , 355 , 285
1.370794 , 354 , 284
1.371845 , 353 , 283
1.372934 , 352 , 282
1.374002 , 351 , 281
1.375067 , 350 , 280
1.376157 , 349 , 279
1.37721 , 350 , 280
1.378264 , 351 , 281
1.37932 , 352 , 282
1.380378 , 353 , 283
1.381437 , 354 , 284
1.382493 , 355 , 285
1.383547 , 356 , 286
1.384604 , 357 , 287
1.385658 , 358 , 288
1.386713 , 359 , 289
1.38777 , 360 , 290
1.388829 , 361 , 291
1.389879 , 362 , 292
1.39093 , 363 , 293
1.391992 , 364 , 294
1.393074 , 365 , 295
1.39413 , 366 , 296
1.39519 , 367 , 297
1.396528 , 368 , 298
1.39764 , 369 , 299
1.398747 , 370 , 300
1.399799 , 371 , 301
1.400862 , 372 , 302
1.401919 , 373 , 303
1.402973 , 374 , 304
1.404025 , 375 , 305
1.405112 , 376 , 306
1.406172 , 377 , 307
1.407223 , 378 , 308
1.40827 , 379 , 309
1.409331 , 380 , 310
1.410385 , 381 , 311
1.411441 , 382 , 312
1.412524 , 383 , 313
1.413577 , 384 , 314
1.414633 , 385 , 315
1.415688 , 386 , 316
1.416747 , 387 , 317
1.417803 , 388 , 318
1.418861 , 389 , 319
1.419915 , 390 , 320
1.420979 , 391 , 321
1.422034 , 392 , 322
1.423084 , 393 , 323
1.424134 , 394 , 324
1.425185 , 395 , 325
1.426241 , 396 , 326
1.427296 , 397 , 327
1.428354 , 398 , 328
1.429409 , 399 , 329
1.430461 , 400 , 330
1.431516 , 401 , 331
1.432574 , 402 , 332
1.433649 , 403 , 333
1.434705 , 404 , 334
1.435756 , 405 , 335
1.436866 , 406 , 336
1.437921 , 407 , 337
1.438974 , 408 , 338
1.440057 , 409 , 339
1.441147 , 410 , 340
1.442206 , 411 , 341
1.443269 , 412 , 342
1.444329 , 413 , 343
1.445391 , 414 , 344
1.446453 , 415 , 345
1.447509 , 416 , 346
1.448563 , 417 , 347
1.449614 , 418 , 348
1.450662 , 419 , 349
1.45172 , 420 , 350
1.452778 , 421 , 351
1.453862 , 422 , 352
1.454921 , 423 , 353
1.455979 , 424 , 354
1.457072 , 425 , 355
1.45813 , 426 , 356
1.459177 , 427 , 357
1.460234 , 428 , 358
1.461295 , 429 , 359
1.462345 , 430 , 360
1.463396 , 431 , 361
1.46445 , 432 , 362
1.46551 , 433 , 363
1.466567 , 434 , 364
1.467622 , 435 , 365
1.468683 , 436 , 366
1.469739 , 437 , 367
1.470795 , 438 , 368
1.471853 , 439 , 369
1.472907 , 440 , 370
1.473963 , 441 , 371
1.475017 , 442 , 372
1.47606 , 443 , 373
1.477121 , 444 , 374
1.478206 , 445 , 375
1.479263 , 446 , 376
1.480318 , 447 , 377
1.481402 , 448 , 378
1.48246 , 449 , 379
1.483509 , 450 , 380
1.484553 , 451 , 381
1.485637 , 450 , 380
1.486693 , 449 , 379
1.487745 , 448 , 378
1.488798 , 447 , 377
1.489858 , 446 , 376
1.491002 , 445 , 375
1.492064 , 444 , 374
1.493117 , 443 , 373
1.494214 , 442 , 372
1.495271 , 441 , 371
1.496326 , 440 , 370
1.497441 , 439 , 369
1.498493 , 438 , 368
1.499553 , 437 , 367
1.500607 , 436 , 366
1.501669 , 435 , 365
1.502722 , 434 , 364
1.503774 , 433 , 363
1.504825 , 432 , 362
1.505883 , 431 , 361
1.506936 , 430 , 360
1.507988 , 429 , 359
1.509112 , 428 , 358
1.510285 , 427 , 357
1.511347 , 426 , 356
1.512402 , 425 , 355
1.513461 , 424 , 354
1.514544 , 423 , 353
1.515623 , 422 , 352
1.516701 , 421 , 351
1.517818 , 420 , 350
1.518924 , 419 , 349
1.519986 , 418 , 348
1.52104 , 417 , 347
1.522244 , 416 , 346
1.523536 , 415 , 345
1.524635 , 414 , 344
1.525754 , 413 , 343
1.526826 , 412 , 342
1.52791 , 411 , 341
1.529019 , 410 , 340
1.530103 , 409 , 339
1.531204 , 408 , 338
1.532309 , 407 , 337
1.533408 , 406 , 336
1.534564 , 405 , 335
1.535687 , 404 , 334
1.536771 , 403 , 333
1.537833 , 402 , 332
1.5389 , 401 , 331
1.539954 , 400 , 330
1.541055 , 399 , 329
1.542145 , 398 , 328
1.543207 , 397 , 327
1.544287 , 396 , 326
1.545384 , 395 , 325
1.546468 , 394 , 324
1.547529 , 393 , 323
1.54859 , 392 , 322
1.549657 , 391 , 321
1.550722 , 390 , 320
1.551893 , 389 , 319
1.552989 , 388 , 318
1.554074 , 387 , 317
1.555197 , 386 , 316
1.556314 , 385 , 315
1.557375 , 384 , 314
1.558436 , 383 , 313
1.559505 , 382 , 312
1.560584 , 381 , 311
1.56166 , 380 , 310
1.562709 , 379 , 309
1.563801 , 378 , 308
1.564858 , 377 , 307
1.565916 , 376 , 306
1.566974 , 375 , 305
1.568037 , 374 , 304
1.569089 , 373 , 303
1.570147 , 372 , 302
1.571257 , 371 , 301
1.57241 , 370 , 300
1.573472 , 369 , 299
1.574528 , 368 , 298
1.57566 , 367 , 297
1.57676 , 366 , 296
1.577859 , 365 , 295
1.578999 , 364 , 294
1.580148 , 363 , 293
1.581263 , 362 , 292
1.582339 , 361 , 291
1.583402 , 360 , 290
1.584482 , 359 , 289
1.5856 , 358 , 288
1.586686 , 357 , 287
1.58783 , 356 , 286
1.588957 , 355 , 285
1.590016 , 354 , 284
1.591074 , 353 , 283
1.592138 , 352 , 282
1.59319 , 351 , 281
1.594247 , 350 , 280
1.595313 , 349 , 279
1.596383 , 350 , 280
1.597428 , 351 , 281
1.598486 , 352 , 282
1.599539 , 353 , 283
1.60065 , 354 , 284
1.601757 , 355 , 285
1.602818 , 356 , 286
1.60388 , 357 , 287
1.604938 , 358 , 288
1.605987 , 359 , 289
1.607075 , 360 , 290
1.608168 , 361 , 291
1.609281 , 362 , 292
1.610337 , 363 , 293
1.611407 , 364 , 294
1.612524 , 365 , 295
1.613584 , 366 , 296
1.614638 , 367 , 297
1.615709 , 368 , 298
1.616779 , 369 , 299
1.617837 , 370 , 300
1.618893 , 371 , 301
1.619972 , 372 , 302
1.62103 , 373 , 303
1.622091 , 374 , 304
1.62315 , 375 , 305
1.624219 , 376 , 306
1.62528 , 377 , 307
1.62634 , 378 , 308
1.627407 , 379 , 309
1.628473 , 380 , 310
1.629526 , 381 , 311
1.630591 , 382 , 312
1.631651 , 383 , 313
1.63275 , 384 , 314
1.633804 , 385 , 315
1.634859 , 386 , 316
1.635914 , 387 , 317
1.636996 , 388 , 318
1.638052 , 389 , 319
1.639106 , 390 , 320
1.640156 , 391 , 321
1.641218 , 392 , 322
1.642271 , 393 , 323
1.643337 , 394 , 324
1.644415 , 395 , 325
1.645471 , 396 , 326
1.646526 , 397 , 327
1.647583 , 398 , 328
1.648642 , 399 , 329
1.649699 , 400 , 330
1.650929 , 401 , 331
1.652111 , 402 , 332
1.653212 , 403 , 333
1.654272 , 404 , 334
1.655328 , 405 , 335
1.656389 , 406 , 336
1.65745 , 407 , 337
1.658511 , 408 , 338
1.65957 , 409 , 339
1.660625 , 410 , 340
1.661713 , 411 , 341
1.662768 , 412 , 342
1.663825 , 413 , 343
1.66491 , 414 , 344
1.66596 , 415 , 345
1.667012 , 416 , 346
1.668063 , 417 , 347
1.669144 , 418 , 348
1.670199 , 419 , 349
1.671254 , 420 , 350
1.67231 , 421 , 351
1.673367 , 422 , 352
1.674416 , 423 , 353
1.675472 , 424 , 354
1.676527 , 425 , 355
1.677586 , 426 , 356
1.678639 , 427 , 357
1.679694 , 428 , 358
1.680751 , 429 , 359
1.681811 , 430 , 360
1.682858 , 431 , 361
1.683912 , 432 , 362
1.684975 , 433 , 363
1.686128 , 434 , 364
1.6872 , 435 , 365
1.688257 , 436 , 366
1.689317 , 437 , 367
1.690373 , 438 , 368
1.691427 , 439 , 369
1.692485 , 440 , 370
1.693578 , 441 , 371
1.694629 , 442 , 372
1.695683 , 443 , 373
1.696756 , 444 , 374
1.697834 , 445 , 375
1.698889 , 446 , 376
1.699941 , 447 , 377
1.701006 , 448 , 378
1.702073 , 449 , 379
1.703131 , 450 , 380
1.704185 , 451 , 381
1.705247 , 450 , 380
1.706306 , 449 , 379
1.707356 , 448 , 378
1.708405 , 447 , 377
1.709467 , 446 , 376
1.710525 , 445 , 375
1.711582 , 444 , 374
1.712638 , 443 , 373
1.71373 , 442 , 372
1.714786 , 441 , 371
1.71584 , 440 , 370
1.716891 , 439 , 369
1.717976 , 438 , 368
1.719029 , 437 , 367
1.720087 , 436 , 366
1.721168 , 435 , 365
1.722229 , 434 , 364
1.723286 , 433 , 363
1.72435 , 432 , 362
1.725447 , 431 , 361
1.726508 , 430 , 360
1.727573 , 429 , 359
1.728637 , 428 , 358
1.729702 , 427 , 357
1.730777 , 426 , 356
1.731854 , 425 , 355
1.732916 , 424 , 354
1.733977 , 423 , 353
1.735036 , 422 , 352
1.736091 , 421 , 351
1.737144 , 420 , 350
1.73823 , 419 , 349
1.739279 , 418 , 348
1.740332 , 417 , 347
1.741388 , 416 , 346
1.742477 , 415 , 345
1.743532 , 414 , 344
1.744588 , 413 , 343
1.745706 , 412 , 342
1.746763 , 411 , 341
1.747817 , 410 , 340
1.748869 , 409 , 339
1.749935 , 408 , 338
1.750987 , 407 , 337
1.752048 , 406 , 336
1.753106 , 405 , 335
1.754162 , 404 , 334
1.755212 , 403 , 333
1.756262 , 402 , 332
1.757316 , 401 , 331
1.758375 , 400 , 330
1.759431 , 399 , 329
1.760483 , 398 , 328
1.761538 , 397 , 327
1.762598 , 396 , 326
1.763652 , 395 , 325
1.764702 , 394 , 324
1.76576 , 393 , 323
1.766847 , 392 , 322
1.767898 , 391 , 321
1.768957 , 390 , 320
1.770017 , 389 , 319
1.771068 , 388 , 318
1.772124 , 387 , 317
1.773181 , 386 , 316
1.774273 , 385 , 315
1.775327 , 384 , 314
1.776374 , 383 , 313
1.777637 , 382 , 312
1.778917 , 381 , 311
1.779998 , 380 , 310
1.781067 , 379 , 309
1.78215 , 378 , 308
1.783224 , 377 , 307
1.784282 , 376 , 306
1.785336 , 375 , 305
1.786469 , 374 , 304
1.787612 , 373 , 303
1.788671 , 372 , 302
1.789727 , 371 , 301
1.790784 , 370 , 300
1.791845 , 369 , 299
1.792902 , 368 , 298
1.793955 , 367 , 297
1.795007 , 366 , 296
1.796101 , 365 , 295
1.797164 , 364 , 294
1.798216 , 363 , 293
1.799274 , 362 , 292
1.800336 , 361 , 291
1.80139 , 360 , 290
1.802452 , 359 , 289
1.80355 , 358 , 288
1.804601 , 357 , 287
1.805657 , 356 , 286
1.806712 , 355 , 285
1.807773 , 354 , 284
1.808829 , 353 , 283
1.809883 , 352 , 282
1.810941 , 351 , 281
1.812003 , 350 , 280
1.813057 , 349 , 279
1.814113 , 350 , 280
1.815168 , 351 , 281
1.816228 , 352 , 282
1.817289 , 353 , 283
1.818409 , 354 , 284
1.819462 , 355 , 285
1.820538 , 356 , 286
1.821596 , 357 , 287
1.822651 , 358 , 288
1.823736 , 359 , 289
1.824797 , 360 , 290
1.825854 , 361 , 291
1.826909 , 362 , 292
1.827971 , 363 , 293
1.82903 , 364 , 294
1.830082 , 365 , 295
1.831141 , 366 , 296
1.832244 , 367 , 297
1.833357 , 368 , 298
1.834645 , 369 , 299
1.835736 , 370 , 300
1.836818 , 371 , 301
1.837902 , 372 , 302
1.839264 , 373 , 303
1.840329 , 374 , 304
1.841489 , 375 , 305
1.842569 , 376 , 306
1.843624 , 377 , 307
1.844744 , 378 , 308
1.845824 , 379 , 309
1.846901 , 380 , 310
1.848002 , 381 , 311
1.849131 , 382 , 312
1.85019 , 383 , 313
1.851247 , 384 , 314
1.852319 , 385 , 315
1.853389 , 386 , 316
1.854527 , 387 , 317
1.855684 , 388 , 318
1.856973 , 389 , 319
1.85804 , 390 , 320
1.859168 , 391 , 321
1.860664 , 392 , 322
1.861731 , 393 , 323
1.862826 , 394 , 324
1.863882 , 395 , 325
1.864938 , 396 , 326
1.866001 , 397 , 327
1.867055 , 398 , 328
1.868122 , 399 , 329
1.869194 , 400 , 330
1.87027 , 401 , 331
1.871325 , 402 , 332
1.872385 , 403 , 333
1.873441 , 404 , 334
1.874503 , 405 , 335
1.87556 , 406 , 336
1.876618 , 407 , 337
1.877671 , 408 , 338
1.878729 , 409 , 339
1.879784 , 410 , 340
1.88084 , 411 , 341
1.881897 , 412 , 342
1.882952 , 413 , 343
1.884009 , 414 , 344
1.885065 , 415 , 345
1.886128 , 416 , 346
1.887183 , 417 , 347
1.888237 , 418 , 348
1.889298 , 419 , 349
1.890429 , 420 , 350
1.891492 , 421 , 351
1.892551 , 422 , 352
1.893611 , 423 , 353
1.894703 , 424 , 354
1.895761 , 425 , 355
1.896819 , 426 , 356
1.897886 , 427 , 357
1.898993 , 428 , 358
1.900054 , 429 , 359
1.901113 , 430 , 360
1.90218 , 431 , 361
1.903239 , 432 , 362
1.904296 , 433 , 363
1.905524 , 434 , 364
1.906746 , 435 , 365
1.907813 , 436 , 366
1.908874 , 437 , 367
1.909934 , 438 , 368
1.911008 , 439 , 369
1.912145 , 440 , 370
1.913209 , 441 , 371
1.914272 , 442 , 372
1.915367 , 443 , 373
1.916424 , 444 , 374
1.917481 , 445 , 375
1.918544 , 446 , 376
1.919601 , 447 , 377
1.920675 , 448 , 378
1.921733 , 449 , 379
1.922829 , 450 , 380
1.923881 , 451 , 381
1.924936 , 450 , 380
1.925993 , 449 , 379
1.927056 , 448 , 378
1.92811 , 447 , 377
1.929169 , 446 , 376
1.930238 , 445 , 375
1.931301 , 444 , 374
1.932411 , 443 , 373
1.933528 , 442 , 372
1.934591 , 441 , 371
1.935651 , 440 , 370
1.93671 , 439 , 369
1.937759 , 438 , 368
1.938821 , 437 , 367
1.939876 , 436 , 366
1.940944 , 435 , 365
1.942011 , 434 , 364
1.943073 , 433 , 363
1.944176 , 432 , 362
1.945233 , 431 , 361
1.946294 , 430 , 360
1.947354 , 429 , 359
1.948408 , 428 , 358
1.949464 , 427 , 357
1.950526 , 426 , 356
1.951608 , 425 , 355
1.95267 , 424 , 354
1.953794 , 423 , 353
1.954908 , 422 , 352
1.955967 , 421 , 351
1.957029 , 420 , 350
1.958087 , 419 , 349
1.959159 , 418 , 348
1.960211 , 417 , 347
1.961271 , 416 , 346
1.962322 , 415 , 345
1.963385 , 414 , 344
1.964438 , 413 , 343
1.965492 , 412 , 342
1.966545 , 411 , 341
1.967641 , 410 , 340
1.968693 , 409 , 339
1.969742 , 408 , 338
1.970859 , 407 , 337
1.971919 , 406 , 336
1.972973 , 405 , 335
1.974031 , 404 , 334
1.975094 , 403 , 333
1.976151 , 402 , 332
1.977211 , 401 , 331
1.978266 , 400 , 330
1.979322 , 399 , 329
1.980382 , 398 , 328
1.981434 , 397 , 327
1.982487 , 396 , 326
1.983549 , 395 , 325
1.984606 , 394 , 324
1.985657 , 393 , 323
1.986716 , 392 , 322
1.987803 , 391 , 321
1.988856 , 390 , 320
1.98991 , 389 , 319
1.991007 , 388 , 318
1.992057 , 387 , 317
1.993115 , 386 , 316
1.994168 , 385 , 315
1.99524 , 384 , 314
1.996305 , 383 , 313
1.997378 , 382 , 312
1.998437 , 381 , 311
1.9995 , 380 , 310
2.000548 , 379 , 309
2.001608 , 378 , 308
2.002664 , 377 , 307
2.003727 , 376 , 306
2.004785 , 375 , 305
2.005838 , 374 , 304
2.006899 , 373 , 303
2.007995 , 372 , 302
2.009048 , 371 , 301
2.010107 , 370 , 300
2.011225 , 369 , 299
2.012285 , 368 , 298
2.013339 , 367 , 297
2.014387 , 366 , 296
2.015446 , 365 , 295
2.016498 , 364 , 294
2.017551 , 363 , 293
2.018606 , 362 , 292
2.019668 , 361 , 291
2.020726 , 360 , 290
2.021779 , 359 , 289
2.022834 , 358 , 288
2.023891 , 357 , 287
2.024944 , 356 , 286
2.025992 , 355 , 285
2.027052 , 354 , 284
2.028137 , 353 , 283
2.029239 , 352 , 282
2.0303 , 351 , 281
2.031419 , 350 , 280
2.032646 , 349 , 279
2.033823 , 350 , 280
2.03488 , 351 , 281
2.035974 , 352 , 282
2.037027 , 353 , 283
2.038098 , 354 , 284
2.039209 , 355 , 285
2.040294 , 356 , 286
2.041357 , 357 , 287
2.042412 , 358 , 288
2.043496 , 359 , 289
2.044559 , 360 , 290
2.045616 , 361 , 291
2.046674 , 362 , 292
2.047733 , 363 , 293
2.048792 , 364 , 294
2.049848 , 365 , 295
2.050902 , 366 , 296
2.051962 , 367 , 297
2.053018 , 368 , 298
2.054068 , 369 , 299
2.055117 , 370 , 300
2.056176 , 371 , 301
2.057228 , 372 , 302
2.058285 , 373 , 303
2.059337 , 374 , 304
2.060434 , 375 , 305
2.06149 , 376 , 306
2.062543 , 377 , 307
2.063599 , 378 , 308
2.064658 , 379 , 309
2.065711 , 380 , 310
2.066766 , 381 , 311
2.067846 , 382 , 312
2.068908 , 383 , 313
2.069964 , 384 , 314
2.071016 , 385 , 315
2.072075 , 386 , 316
2.073132 , 387 , 317
2.074186 , 388 , 318
2.075246 , 389 , 319
2.076307 , 390 , 320
2.077361 , 391 , 321
2.07842 , 392 , 322
2.079481 , 393 , 323
2.08054 , 394 , 324
2.081597 , 395 , 325
2.082651 , 396 , 326
2.083704 , 397 , 327
2.084767 , 398 , 328
2.085824 , 399 , 329
2.086878 , 400 , 330
2.087935 , 401 , 331
2.089028 , 402 , 332
2.090085 , 403 , 333
2.091141 , 404 , 334
2.092229 , 405 , 335
2.093287 , 406 , 336
2.094336 , 407 , 337
2.095392 , 408 , 338
2.09645 , 409 , 339
2.097504 , 410 , 340
2.098565 , 411 , 341
2.099621 , 412 , 342
2.100683 , 413 , 343
2.101737 , 414 , 344
2.102786 , 415 , 345
2.103844 , 416 , 346
2.104902 , 417 , 347
2.105955 , 418 , 348
2.10701 , 419 , 349
2.108073 , 420 , 350
2.109163 , 421 , 351
2.110217 , 422 , 352
2.111269 , 423 , 353
2.112359 , 424 , 354
2.113416 , 425 , 355
2.114468 , 426 , 356
2.115524 , 427 , 357
2.116585 , 428 , 358
2.117645 , 429 , 359
2.1187 , 430 , 360
2.119749 , 431 , 361
2.120812 , 432 , 362
2.121867 , 433 , 363
2.122944 , 434 , 364
2.124032 , 435 , 365
2.125097 , 436 , 366
2.126154 , 437 , 367
2.12721 , 438 , 368
2.128265 , 439 , 369
2.129355 , 440 , 370
2.130406 , 441 , 371
2.131464 , 442 , 372
2.132548 , 443 , 373
2.133606 , 444 , 374
2.134657 , 445 , 375
2.135709 , 446 , 376
2.136795 , 447 , 377
2.137858 , 448 , 378
2.138914 , 449 , 379
2.139972 , 450 , 380
2.141028 , 451 , 381
2.142085 , 450 , 380
2.143141 , 449 , 379
2.144195 , 448 , 378
2.145245 , 447 , 377
2.146303 , 446 , 376
2.147362 , 445 , 375
2.14842 , 444 , 374
2.149478 , 443 , 373
2.150531 , 442 , 372
2.151581 , 441 , 371
2.152638 , 440 , 370
2.153741 , 439 , 369
2.154825 , 438 , 368
2.155876 , 437 , 367
2.156962 , 436 , 366
2.15802 , 435 , 365
2.159267 , 434 , 364
2.160422 , 433 , 363
2.161484 , 432 , 362
2.162541 , 431 , 361
2.163603 , 430 , 360
2.164655 , 429 , 359
2.165718 , 428 , 358
2.166771 , 427 , 357
2.167824 , 426 , 356
2.16903 , 425 , 355
2.17024 , 424 , 354
2.171296 , 423 , 353
2.172359 , 422 , 352
2.173591 , 421 , 351
2.174838 , 420 , 350
2.175928 , 419 , 349
2.17699 , 418 , 348
2.178051 , 417 , 347
2.179108 , 416 , 346
2.180159 , 415 , 345
2.181219 , 414 , 344
2.182281 , 413 , 343
2.183342 , 412 , 342
2.184395 , 411 , 341
2.18545 , 410 , 340
2.186509 , 409 , 339
2.187566 , 408 , 338
2.188617 , 407 , 337
2.18972 , 406 , 336
2.190841 , 405 , 335
2.191906 , 404 , 334
2.192964 , 403 , 333
2.19403 , 402 , 332
2.195086 , 401 , 331
2.196144 , 400 , 330
2.197198 , 399 , 329
2.198259 , 398 , 328
2.199314 , 397 , 327
2.200373 , 396 , 326
2.201469 , 395 , 325
2.202608 , 394 , 324
2.203685 , 393 , 323
2.204741 , 392 , 322
2.205795 , 391 , 321
2.206866 , 390 , 320
2.207976 , 389 , 319
2.209146 , 388 , 318
2.210222 , 387 , 317
2.211439 , 386 , 316
2.212516 , 385 , 315
2.213567 , 384 , 314
2.214619 , 383 , 313
2.215684 , 382 , 312
2.216739 , 381 , 311
2.217794 , 380 , 310
2.218849 , 379 , 309
2.219909 , 378 , 308
2.220964 , 377 , 307
2.222015 , 376 , 306
2.223065 , 375 , 305
2.224153 , 374 , 304
2.225204 , 373 , 303
2.226258 , 372 , 302
2.227344 , 371 , 301
2.228399 , 370 , 300
2.229455 , 369 , 299
2.230509 , 368 , 298
2.231595 , 367 , 297
2.232649 , 366 , 296
2.233699 , 365 , 295
2.234756 , 364 , 294
2.23581 , 363 , 293
2.236861 , 362 , 292
2.237915 , 361 , 291
2.239021 , 360 , 290
2.240083 , 359 , 289
2.241138 , 358 , 288
2.242191 , 357 , 287
2.243245 , 356 , 286
2.244305 , 355 , 285
2.245364 , 354 , 284
2.246417 , 353 , 283
2.247476 , 352 , 282
2.248561 , 351 , 281
2.249616 , 350 , 280
2.250674 , 349 , 279
2.251735 , 350 , 280
2.252795 , 351 , 281
2.253857 , 352 , 282
2.254916 , 353 , 283
2.255996 , 354 , 284
2.257045 , 355 , 285
2.2581 , 356 , 286
2.259154 , 357 , 287
2.260231 , 358 , 288
2.261294 , 359 , 289
2.262348 , 360 , 290
2.263434 , 361 , 291
2.264495 , 362 , 292
2.265542 , 363 , 293
2.266602 , 364 , 294
2.267657 , 365 , 295
2.268716 , 366 , 296
2.269773 , 367 , 297
2.270828 , 368 , 298
2.271891 , 369 , 299
2.272946 , 370 , 300
2.273995 , 371 , 301
2.275053 , 372 , 302
2.276114 , 373 , 303
2.277167 , 374 , 304
2.278223 , 375 , 305
2.279279 , 376 , 306
2.280369 , 377 , 307
2.281423 , 378 , 308
2.282476 , 379 , 309
2.283533 , 380 , 310
2.284593 , 381 , 311
2.285821 , 382 , 312
2.286987 , 383 , 313
2.288137 , 384 , 314
2.289225 , 385 , 315
2.290282 , 386 , 316
2.291333 , 387 , 317
2.292407 , 388 , 318
2.293486 , 389 , 319
2.294568 , 390 , 320
2.295627 , 391 , 321
2.296695 , 392 , 322
2.297758 , 393 , 323
2.298813 , 394 , 324
2.299862 , 395 , 325
2.300927 , 396 , 326
2.30198 , 397 , 327
2.303034 , 398 , 328
2.304089 , 399 , 329
2.305174 , 400 , 330
2.306229 , 401 , 331
2.307288 , 402 , 332
2.308376 , 403 , 333
2.309437 , 404 , 334
2.310491 , 405 , 335
2.311552 , 406 , 336
2.312644 , 407 , 337
2.313699 , 408 , 338
2.314753 , 409 , 339
2.315805 , 410 , 340
2.316868 , 411 , 341
2.317926 , 412 , 342
2.318982 , 413 , 343
2.320035 , 414 , 344
2.321097 , 415 , 345
2.322153 , 416 , 346
2.323209 , 417 , 347
2.324265 , 418 , 348
2.325322 , 419 , 349
2.326379 , 420 , 350
2.327433 , 421 , 351
2.32849 , 422 , 352
2.329574 , 423 , 353
2.330626 , 424 , 354
2.33168 , 425 , 355
2.332739 , 426 , 356
2.333797 , 427 , 357
2.334858 , 428 , 358
2.335915 , 429 , 359
2.336999 , 430 , 360
2.338055 , 431 , 361
2.339111 , 432 , 362
2.340166 , 433 , 363
2.341258 , 434 , 364
2.342314 , 435 , 365
2.343369 , 436 , 366
2.344423 , 437 , 367
2.345482 , 438 , 368
2.34654 , 439 , 369
2.347592 , 440 , 370
2.34868 , 441 , 371
2.349739 , 442 , 372
2.35079 , 443 , 373
2.351845 , 444 , 374
2.352901 , 445 , 375
2.353956 , 446 , 376
2.355013 , 447 , 377
2.356066 , 448 , 378
2.357126 , 449 , 379
2.358175 , 450 , 380
2.359226 , 451 , 381
2.360284 , 450 , 380
2.361348 , 449 , 379
2.362406 , 448 , 378
2.363462 , 447 , 377
2.364516 , 446 , 376
2.365629 , 445 , 375
2.366712 , 444 , 374
2.367762 , 443 , 373
2.368846 , 442 , 372
2.369904 , 441 , 371
2.370961 , 440 , 370
2.372016 , 439 , 369
2.373088 , 438 , 368
2.374142 , 437 , 367
2.375196 , 436 , 366
2.376245 , 435 , 365
2.377309 , 434 , 364
2.378362 , 433 , 363
2.379419 , 432 , 362
2.380473 , 431 , 361
2.381531 , 430 , 360
2.382585 , 429 , 359
2.383639 , 428 , 358
2.38469 , 427 , 357
2.385755 , 426 , 356
2.386864 , 425 , 355
2.387937 , 424 , 354
2.389016 , 423 , 353
2.390079 , 422 , 352
2.391131 , 421 , 351
2.392189 , 420 , 350
2.393247 , 419 , 349
2.394303 , 418 , 348
2.395354 , 417 , 347
2.396408 , 416 , 346
2.397467 , 415 , 345
2.398518 , 414 , 344
2.399571 , 413 , 343
2.400622 , 412 , 342
2.401685 , 411 , 341
2.402742 , 410 , 340
2.403796 , 409 , 339
2.404848 , 408 , 338
2.405928 , 407 , 337
2.40698 , 406 , 336
2.408039 , 405 , 335
2.409097 , 404 , 334
2.410178 , 403 , 333
2.411238 , 402 , 332
2.412497 , 401 , 331
2.413662 , 400 , 330
2.41472 , 399 , 329
2.415777 , 398 , 328
2.416832 , 397 , 327
2.417894 , 396 , 326
2.418947 , 395 , 325
2.420007 , 394 , 324
2.421099 , 393 , 323
2.422209 , 392 , 322
2.42327 , 391 , 321
2.424325 , 390 , 320
2.42538 , 389 , 319
2.426442 , 388 , 318
2.427497 , 387 , 317
2.428554 , 386 , 316
2.429629 , 385 , 315
2.430702 , 384 , 314
2.431761 , 383 , 313
2.432815 , 382 , 312
2.433874 , 381 , 311
2.434928 , 380 , 310
2.435979 , 379 , 309
2.437036 , 378 , 308
2.43809 , 377 , 307
2.439143 , 376 , 306
2.440202 , 375 , 305
2.44137 , 374 , 304
2.442479 , 373 , 303
2.44355 , 372 , 302
2.444613 , 371 , 301
2.445739 , 370 , 300
2.446891 , 369 , 299
2.448303 , 368 , 298
2.449717 , 367 , 297
2.450818 , 366 , 296
2.451877 , 365 , 295
2.452934 , 364 , 294
2.453984 , 363 , 293
2.455049 , 362 , 292
2.456103 , 361 , 291
2.457157 , 360 , 290
2.458214 , 359 , 289
2.459302 , 358 , 288
2.460352 , 357 , 287
2.461407 , 356 , 286
2.462559 , 355 , 285
2.463699 , 354 , 284
2.464809 , 353 , 283
2.46588 , 352 , 282
2.46694 , 351 , 281
2.467996 , 350 , 280
2.469048 , 349 , 279
2.470107 , 350 , 280
2.47118 , 351 , 281
2.472241 , 352 , 282
2.473294 , 353 , 283
2.474347 , 354 , 284
2.47544 , 355 , 285
2.476497 , 356 , 286
2.477545 , 357 , 287
2.478605 , 358 , 288
2.479679 , 359 , 289
2.480739 , 360 , 290
2.481793 , 361 , 291
2.48285 , 362 , 292
2.483951 , 363 , 293
2.485049 , 364 , 294
2.486103 , 365 , 295
2.487167 , 366 , 296
2.488229 , 367 , 297
2.489288 , 368 , 298
2.490346 , 369 , 299
2.491408 , 370 , 300
2.492466 , 371 , 301
2.493523 , 372 , 302
2.494578 , 373 , 303
2.495675 , 374 , 304
2.496733 , 375 , 305
2.497789 , 376 , 306
2.498849 , 377 , 307
2.499914 , 378 , 308
2.500967 , 379 , 309
2.502022 , 380 , 310
2.503134 , 381 , 311
2.504187 , 382 , 312
2.505256 , 383 , 313
2.506316 , 384 , 314
2.50738 , 385 , 315
2.508438 , 386 , 316
2.509498 , 387 , 317
2.510552 , 388 , 318
2.511613 , 389 , 319
2.512667 , 390 , 320
2.513717 , 391 , 321
2.514784 , 392 , 322
2.515927 , 393 , 323
2.517009 , 394 , 324
2.518064 , 395 , 325
2.51916 , 396 , 326
2.520218 , 397 , 327
2.521275 , 398 , 328
2.522326 , 399 , 329
2.523385 , 400 , 330
2.524452 , 401 , 331
2.525517 , 402 , 332
2.526581 , 403 , 333
2.527659 , 404 , 334
2.528719 , 405 , 335
2.529773 , 406 , 336
2.530825 , 407 , 337
2.531893 , 408 , 338
2.532949 , 409 , 339
2.534005 , 410 , 340
2.535063 , 411 , 341
2.536154 , 412 , 342
2.537208 , 413 , 343
2.538263 , 414 , 344
2.539547 , 415 , 345
2.540931 , 416 , 346
2.542003 , 417 , 347
2.543061 , 418 , 348
2.544148 , 419 , 349
2.545202 , 420 , 350
2.546258 , 421 , 351
2.547314 , 422 , 352
2.548404 , 423 , 353
2.549471 , 424 , 354
2.550549 , 425 , 355
2.551613 , 426 , 356
2.55273 , 427 , 357
2.5538 , 428 , 358
2.554858 , 429 , 359
2.555909 , 430 , 360
2.557006 , 431 , 361
2.558061 , 432 , 362
2.559116 , 433 , 363
2.5602 , 434 , 364
2.561258 , 435 , 365
2.562314 , 436 , 366
2.563368 , 437 , 367
2.564451 , 438 , 368
2.565506 , 439 , 369
2.566567 , 440 , 370
2.567629 , 441 , 371
2.568699 , 442 , 372
2.569828 , 443 , 373
2.570894 , 444 , 374
2.571959 , 445 , 375
2.57302 , 446 , 376
2.57407 , 447 , 377
2.575129 , 448 , 378
2.576185 , 449 , 379
2.577301 , 450 , 380
2.578386 , 451 , 381
2.579445 , 450 , 380
2.580506 , 449 , 379
2.581556 , 448 , 378
2.582604 , 447 , 377
2.583659 , 446 , 376
2.584742 , 445 , 375
2.585794 , 444 , 374
2.586851 , 443 , 373
2.587906 , 442 , 372
2.588963 , 441 , 371
2.590017 , 440 , 370
2.591066 , 439 , 369
2.592128 , 438 , 368
2.593185 , 437 , 367
2.594236 , 436 , 366
2.595286 , 435 , 365
2.596345 , 434 , 364
2.597403 , 433 , 363
2.598456 , 432 , 362
2.599501 , 431 , 361
2.600566 , 430 , 360
2.601618 , 429 , 359
2.602669 , 428 , 358
2.603721 , 427 , 357
2.604776 , 426 , 356
2.605833 , 425 , 355
2.606889 , 424 , 354
2.607938 , 423 , 353
2.609005 , 422 , 352
2.610062 , 421 , 351
2.611126 , 420 , 350
2.612233 , 419 , 349
2.613323 , 418 , 348
2.614385 , 417 , 347
2.615442 , 416 , 346
2.6165 , 415 , 345
2.617594 , 414 , 344
2.618646 , 413 , 343
2.619702 , 412 , 342
2.620764 , 411 , 341
2.621816 , 410 , 340
2.622872 , 409 , 339
2.623964 , 408 , 338
2.625101 , 407 , 337
2.626183 , 406 , 336
2.627239 , 405 , 335
2.628294 , 404 , 334
2.629372 , 403 , 333
2.630455 , 402 , 332
2.631514 , 401 , 331
2.632571 , 400 , 330
2.633726 , 399 , 329
2.634882 , 398 , 328
2.635945 , 397 , 327
2.637001 , 396 , 326
2.638095 , 395 , 325
2.639148 , 394 , 324
2.6402 , 393 , 323
2.641256 , 392 , 322
2.642317 , 391 , 321
2.643375 , 390 , 320
2.644428 , 389 , 319
2.645507 , 388 , 318
2.646563 , 387 , 317
2.64762 , 386 , 316
2.648673 , 385 , 315
2.64974 , 384 , 314
2.650797 , 383 , 313
2.651853 , 382 , 312
2.652908 , 381 , 311
2.653965 , 380 , 310
2.655023 , 379 , 309
2.656077 , 378 , 308
2.657131 , 377 , 307
2.658241 , 376 , 306
2.659299 , 375 , 305
2.660354 , 374 , 304
2.661406 , 373 , 303
2.662489 , 372 , 302
2.663542 , 371 , 301
2.664597 , 370 , 300
2.665669 , 369 , 299
2.666956 , 368 , 298
2.668036 , 367 , 297
2.669096 , 366 , 296
2.670154 , 365 , 295
2.67121 , 364 , 294
2.672263 , 363 , 293
2.673318 , 362 , 292
2.674376 , 361 , 291
2.67543 , 360 , 290
2.676477 , 359 , 289
2.677531 , 358 , 288
2.67862 , 357 , 287
2.679676 , 356 , 286
2.680728 , 355 , 285
2.681783 , 354 , 284
2.68284 , 353 , 283
2.683894 , 352 , 282
2.68494 , 351 , 281
2.686018 , 350 , 280
2.687076 , 349 , 279
2.688135 , 350 , 280
2.689201 , 351 , 281
2.690272 , 352 , 282
2.69133 , 353 , 283
2.692385 , 354 , 284
2.693434 , 355 , 285
2.694495 , 356 , 286
2.695547 , 357 , 287
2.696599 , 358 , 288
2.697652 , 359 , 289
2.698714 , 360 , 290
2.699775 , 361 , 291
2.70083 , 362 , 292
2.70188 , 363 , 293
2.702969 , 364 , 294
2.704025 , 365 , 295
2.705079 , 366 , 296
2.706135 , 367 , 297
2.707205 , 368 , 298
2.708261 , 369 , 299
2.709319 , 370 , 300
2.710406 , 371 , 301
2.711465 , 372 , 302
2.712516 , 373 , 303
2.713569 , 374 , 304
2.714627 , 375 , 305
2.715685 , 376 , 306
2.716741 , 377 , 307
2.717801 , 378 , 308
2.71888 , 379 , 309
2.719961 , 380 , 310
2.721022 , 381 , 311
2.722077 , 382 , 312
2.723135 , 383 , 313
2.724191 , 384 , 314
2.725248 , 385 , 315
2.726305 , 386 , 316
2.727402 , 387 , 317
2.728457 , 388 , 318
2.729509 , 389 , 319
2.730571 , 390 , 320
2.731637 , 391 , 321
2.732689 , 392 , 322
2.733747 , 393 , 323
2.734855 , 394 , 324
2.735912 , 395 , 325
2.736967 , 396 , 326
2.738104 , 397 , 327
2.739178 , 398 , 328
2.740238 , 399 , 329
2.741295 , 400 , 330
2.742354 , 401 , 331
2.743415 , 402 , 332
2.744472 , 403 , 333
2.745527 , 404 , 334
2.746584 , 405 , 335
2.747644 , 406 , 336
2.748701 , 407 , 337
2.749753 , 408 , 338
2.750815 , 409 , 339
2.751898 , 410 , 340
2.75295 , 411 , 341
2.754005 , 412 , 342
2.755064 , 413 , 343
2.756123 , 414 , 344
2.757182 , 415 , 345
2.758238 , 416 , 346
2.75933 , 417 , 347
2.760384 , 418 , 348
2.761437 , 419 , 349
2.762495 , 420 , 350
2.763556 , 421 , 351
2.764608 , 422 , 352
2.765662 , 423 , 353
2.766742 , 424 , 354
2.767808 , 425 , 355
2.768866 , 426 , 356
2.769914 , 427 , 357
2.770977 , 428 , 358
2.772036 , 429 , 359
2.773093 , 430 , 360
2.774146 , 431 , 361
2.775207 , 432 , 362
2.776261 , 433 , 363
2.777314 , 434 , 364
2.778367 , 435 , 365
2.779441 , 436 , 366
2.780513 , 437 , 367
2.781571 , 438 , 368
2.782628 , 439 , 369
2.783713 , 440 , 370
2.784769 , 441 , 371
2.785825 , 442 , 372
2.786874 , 443 , 373
2.787991 , 444 , 374
2.789053 , 445 , 375
2.790106 , 446 , 376
2.791176 , 447 , 377
2.79242 , 448 , 378
2.793661 , 449 , 379
2.794726 , 450 , 380
2.795814 , 451 , 381
2.796866 , 450 , 380
2.797917 , 449 , 379
2.79897 , 448 , 378
2.800026 , 447 , 377
2.80108 , 446 , 376
2.802135 , 445 , 375
2.80319 , 444 , 374
2.804269 , 443 , 373
2.805349 , 442 , 372
2.806405 , 441 , 371
2.807463 , 440 , 370
2.808522 , 439 , 369
2.809577 , 438 , 368
2.810631 , 437 , 367
2.811687 , 436 , 366
2.812764 , 435 , 365
2.81382 , 434 , 364
2.814877 , 433 , 363
2.815935 , 432 , 362
2.816988 , 431 , 361
2.818039 , 430 , 360
2.819097 , 429 , 359
