0.567119 , 401 , 331
0.568296 , 402 , 332
0.569377 , 403 , 333
0.570439 , 404 , 334
0.571507 , 405 , 335
0.572567 , 406 , 336
0.573629 , 407 , 337
0.574688 , 408 , 338
0.575755 , 409 , 339
0.576816 , 410 , 340
0.577878 , 411 , 341
0.57894 , 412 , 342
0.580004 , 413 , 343
0.581064 , 414 , 344
0.582144 , 415 , 345
0.583206 , 416 , 346
0.584273 , 417 , 347
0.585329 , 418 , 348
0.586391 , 419 , 349
0.587501 , 420 , 350
0.588775 , 421 , 351
0.589883 , 422 , 352
0.590959 , 423 , 353
0.592023 , 424 , 354
0.593083 , 425 , 355
0.594151 , 426 , 356
0.595216 , 427 , 357
0.596272 , 428 , 358
0.597335 , 429 , 359
0.598394 , 430 , 360
0.599477 , 431 , 361
0.600573 , 432 , 362
0.601636 , 433 , 363
0.602734 , 434 , 364
0.603794 , 435 , 365
0.604852 , 436 , 366
0.605918 , 437 , 367
0.606975 , 438 , 368
0.608035 , 439 , 369
0.609099 , 440 , 370
0.610162 , 441 , 371
0.611222 , 442 , 372
0.612293 , 443 , 373
0.613356 , 444 , 374
0.614421 , 445 , 375
0.615485 , 446 , 376
0.616887 , 447 , 377
0.617968 , 448 , 378
0.61904 , 449 , 379
0.620104 , 450 , 380
0.621172 , 451 , 381
0.622233 , 450 , 380
0.623297 , 449 , 379
0.624389 , 448 , 378
0.625453 , 447 , 377
0.62651 , 446 , 376
0.627588 , 445 , 375
0.628672 , 444 , 374
0.629737 , 443 , 373
0.63083 , 442 , 372
0.631894 , 441 , 371
0.632951 , 440 , 370
0.634011 , 439 , 369
0.63507 , 438 , 368
0.63613 , 437 , 367
0.637217 , 436 , 366
0.638282 , 435 , 365
0.639371 , 434 , 364
0.640436 , 433 , 363
0.64149 , 432 , 362
0.642556 , 431 , 361
0.643617 , 430 , 360
0.644681 , 429 , 359
0.645747 , 428 , 358
0.646817 , 427 , 357
0.647875 , 426 , 356
0.648944 , 425 , 355
0.650004 , 424 , 354
0.651067 , 423 , 353
0.652128 , 422 , 352
0.653193 , 421 , 351
0.654253 , 420 , 350
0.655345 , 419 , 349
0.656402 , 418 , 348
0.657492 , 417 , 347
0.658549 , 416 , 346
0.659612 , 415 , 345
0.660673 , 414 , 344
0.661737 , 413 , 343
0.662791 , 412 , 342
0.663887 , 411 , 341
0.664948 , 410 , 340
0.666014 , 409 , 339
0.667083 , 408 , 338
0.668148 , 407 , 337
0.669208 , 406 , 336
0.670295 , 405 , 335
0.671355 , 404 , 334
0.672445 , 403 , 333
0.673604 , 402 , 332
0.674816 , 401 , 331
0.675932 , 400 , 330
0.677034 , 399 , 329
0.67812 , 398 , 328
0.679233 , 397 , 327
0.680309 , 396 , 326
0.681375 , 395 , 325
0.682444 , 394 , 324
0.683514 , 393 , 323
0.684582 , 392 , 322
0.685654 , 391 , 321
0.686719 , 390 , 320
0.68783 , 389 , 319
0.6889 , 388 , 318
0.689964 , 387 , 317
0.691031 , 386 , 316
0.692104 , 385 , 315
0.693167 , 384 , 314
0.694265 , 383 , 313
0.695323 , 382 , 312
0.696388 , 381 , 311
0.697454 , 380 , 310
0.69853 , 379 , 309
0.699606 , 378 , 308
0.700696 , 377 , 307
0.701777 , 376 , 306
0.702846 , 375 , 305
0.703913 , 374 , 304
0.704975 , 373 , 303
0.706044 , 372 , 302
0.707107 , 371 , 301
0.708174 , 370 , 300
0.709277 , 369 , 299
0.710337 , 368 , 298
0.711403 , 367 , 297
0.712467 , 366 , 296
0.713532 , 365 , 295
0.71459 , 364 , 294
0.715686 , 363 , 293
0.716762 , 362 , 292
0.717828 , 361 , 291
0.718909 , 360 , 290
0.719983 , 359 , 289
0.721054 , 358 , 288
0.72212 , 357 , 287
0.723182 , 356 , 286
0.724339 , 355 , 285
0.72541 , 354 , 284
0.726479 , 353 , 283
0.727554 , 352 , 282
0.728625 , 351 , 281
0.729697 , 350 , 280
0.730778 , 349 , 279
0.731851 , 350 , 280
0.732921 , 351 , 281
0.734001 , 352 , 282
0.735332 , 353 , 283
0.736713 , 354 , 284
0.737899 , 355 , 285
0.73933 , 356 , 286
0.740486 , 357 , 287
0.741807 , 358 , 288
0.743387 , 359 , 289
0.744942 , 360 , 290
0.746158 , 361 , 291
0.74731 , 362 , 292
0.748422 , 363 , 293
0.749631 , 364 , 294
0.750773 , 365 , 295
0.751864 , 366 , 296
0.753078 , 367 , 297
0.754228 , 368 , 298
0.755353 , 369 , 299
0.75653 , 370 , 300
0.757638 , 371 , 301
0.758744 , 372 , 302
0.760035 , 373 , 303
0.761221 , 374 , 304
0.762328 , 375 , 305
0.763555 , 376 , 306
0.764671 , 377 , 307
0.765766 , 378 , 308
0.766996 , 379 , 309
0.768102 , 380 , 310
0.769206 , 381 , 311
0.770398 , 382 , 312
0.77153 , 383 , 313
0.772629 , 384 , 314
0.77382 , 385 , 315
0.774943 , 386 , 316
0.776054 , 387 , 317
0.777293 , 388 , 318
0.778495 , 389 , 319
0.779706 , 390 , 320
0.780862 , 391 , 321
0.781959 , 392 , 322
0.783118 , 393 , 323
0.78436 , 394 , 324
0.785465 , 395 , 325
0.786654 , 396 , 326
0.7878 , 397 , 327
0.789011 , 398 , 328
0.790278 , 399 , 329
0.791914 , 400 , 330
0.793055 , 401 , 331
0.794255 , 402 , 332
0.795729 , 403 , 333
0.79683 , 404 , 334
0.798109 , 405 , 335
0.79965 , 406 , 336
0.800781 , 407 , 337
0.801947 , 408 , 338
0.803053 , 409 , 339
0.804187 , 410 , 340
0.805357 , 411 , 341
0.80647 , 412 , 342
0.807578 , 413 , 343
0.808745 , 414 , 344
0.809871 , 415 , 345
0.810961 , 416 , 346
0.812173 , 417 , 347
0.813299 , 418 , 348
0.814404 , 419 , 349
0.815612 , 420 , 350
0.816707 , 421 , 351
0.817803 , 422 , 352
0.819079 , 423 , 353
0.820283 , 424 , 354
0.821389 , 425 , 355
0.822596 , 426 , 356
0.823716 , 427 , 357
0.824824 , 428 , 358
0.826 , 429 , 359
0.827099 , 430 , 360
0.828203 , 431 , 361
0.829364 , 432 , 362
0.830491 , 433 , 363
0.831625 , 434 , 364
0.832848 , 435 , 365
0.833964 , 436 , 366
0.835127 , 437 , 367
0.836271 , 438 , 368
0.837372 , 439 , 369
0.83867 , 440 , 370
0.839847 , 441 , 371
0.840944 , 442 , 372
0.842153 , 443 , 373
0.843311 , 444 , 374
0.844438 , 445 , 375
0.845639 , 446 , 376
0.846805 , 447 , 377
0.847906 , 448 , 378
0.84912 , 449 , 379
0.850558 , 450 , 380
0.851678 , 451 , 381
0.852846 , 450 , 380
0.854432 , 449 , 379
0.85558 , 448 , 378
0.856749 , 447 , 377
0.857846 , 446 , 376
0.858958 , 445 , 375
0.860173 , 444 , 374
0.861305 , 443 , 373
0.862423 , 442 , 372
0.863608 , 441 , 371
0.864717 , 440 , 370
0.865845 , 439 , 369
0.867312 , 438 , 368
0.868438 , 437 , 367
0.869537 , 436 , 366
0.870752 , 435 , 365
0.87188 , 434 , 364
0.872973 , 433 , 363
0.874147 , 432 , 362
0.875263 , 431 , 361
0.876353 , 430 , 360
0.877485 , 429 , 359
0.8786 , 428 , 358
0.879701 , 427 , 357
0.880822 , 426 , 356
0.881928 , 425 , 355
0.883028 , 424 , 354
0.884147 , 423 , 353
0.885259 , 422 , 352
0.886347 , 421 , 351
0.887459 , 420 , 350
0.888574 , 419 , 349
0.889668 , 418 , 348
0.890767 , 417 , 347
0.891924 , 416 , 346
0.893059 , 415 , 345
0.894164 , 414 , 344
0.895271 , 413 , 343
0.896398 , 412 , 342
0.897492 , 411 , 341
0.89858 , 410 , 340
0.899698 , 409 , 339
0.900791 , 408 , 338
0.901896 , 407 , 337
0.903035 , 406 , 336
0.904133 , 405 , 335
0.905221 , 404 , 334
0.906326 , 403 , 333
0.907431 , 402 , 332
0.908541 , 401 , 331
0.909655 , 400 , 330
0.910764 , 399 , 329
0.911867 , 398 , 328
0.912969 , 397 , 327
0.914069 , 396 , 326
0.915184 , 395 , 325
0.916276 , 394 , 324
0.917452 , 393 , 323
0.918571 , 392 , 322
0.919675 , 391 , 321
0.920767 , 390 , 320
0.921865 , 389 , 319
0.922965 , 388 , 318
0.924095 , 387 , 317
0.925239 , 386 , 316
0.926382 , 385 , 315
0.927509 , 384 , 314
0.928623 , 383 , 313
0.929714 , 382 , 312
0.93086 , 381 , 311
0.931957 , 380 , 310
0.933055 , 379 , 309
0.934307 , 378 , 308
0.935458 , 377 , 307
0.936552 , 376 , 306
0.937663 , 375 , 305
0.93876 , 374 , 304
0.939864 , 373 , 303
0.940977 , 372 , 302
0.942071 , 371 , 301
0.943187 , 370 , 300
0.944289 , 369 , 299
0.945382 , 368 , 298
0.946524 , 367 , 297
0.947628 , 366 , 296
0.948728 , 365 , 295
0.949851 , 364 , 294
0.950957 , 363 , 293
0.952046 , 362 , 292
0.953216 , 361 , 291
0.954329 , 360 , 290
0.955439 , 359 , 289
0.956544 , 358 , 288
0.957657 , 357 , 287
0.958775 , 356 , 286
0.959987 , 355 , 285
0.961111 , 354 , 284
0.962239 , 353 , 283
0.963349 , 352 , 282
0.964462 , 351 , 281
0.965604 , 350 , 280
0.966693 , 349 , 279
0.967801 , 350 , 280
0.968913 , 351 , 281
0.970007 , 352 , 282
0.971113 , 353 , 283
0.972253 , 354 , 284
0.973368 , 355 , 285
0.974467 , 356 , 286
0.975564 , 357 , 287
0.976736 , 358 , 288
0.977882 , 359 , 289
0.978977 , 360 , 290
0.980093 , 361 , 291
0.981191 , 362 , 292
0.982279 , 363 , 293
0.983411 , 364 , 294
0.984536 , 365 , 295
0.98563 , 366 , 296
0.986728 , 367 , 297
0.98784 , 368 , 298
0.988942 , 369 , 299
0.99025 , 370 , 300
0.991437 , 371 , 301
0.992527 , 372 , 302
0.99364 , 373 , 303
0.994772 , 374 , 304
0.99587 , 375 , 305
0.996989 , 376 , 306
0.998115 , 377 , 307
0.999198 , 378 , 308
1.000344 , 379 , 309
1.001516 , 380 , 310
1.002632 , 381 , 311
1.003733 , 382 , 312
1.004826 , 383 , 313
1.005984 , 384 , 314
1.007123 , 385 , 315
1.008258 , 386 , 316
1.009424 , 387 , 317
1.010688 , 388 , 318
1.011829 , 389 , 319
1.012924 , 390 , 320
1.014057 , 391 , 321
1.015148 , 392 , 322
1.016248 , 393 , 323
1.01738 , 394 , 324
1.018485 , 395 , 325
1.019588 , 396 , 326
1.020722 , 397 , 327
1.021812 , 398 , 328
1.02296 , 399 , 329
1.024074 , 400 , 330
1.025168 , 401 , 331
1.026276 , 402 , 332
1.027395 , 403 , 333
1.028514 , 404 , 334
1.029639 , 405 , 335
1.03073 , 406 , 336
1.031856 , 407 , 337
1.032957 , 408 , 338
1.034049 , 409 , 339
1.035159 , 410 , 340
1.036255 , 411 , 341
1.037342 , 412 , 342
1.038463 , 413 , 343
1.039556 , 414 , 344
1.040664 , 415 , 345
1.041777 , 416 , 346
1.042885 , 417 , 347
1.044055 , 418 , 348
1.045182 , 419 , 349
1.046297 , 420 , 350
1.047394 , 421 , 351
1.048499 , 422 , 352
1.049612 , 423 , 353
1.050706 , 424 , 354
1.051802 , 425 , 355
1.0529 , 426 , 356
1.054051 , 427 , 357
1.055138 , 428 , 358
1.056227 , 429 , 359
1.057338 , 430 , 360
1.058431 , 431 , 361
1.059513 , 432 , 362
1.060686 , 433 , 363
1.061789 , 434 , 364
1.062905 , 435 , 365
1.064027 , 436 , 366
1.065118 , 437 , 367
1.066236 , 438 , 368
1.067373 , 439 , 369
1.068489 , 440 , 370
1.069607 , 441 , 371
1.070726 , 442 , 372
1.071836 , 443 , 373
1.072946 , 444 , 374
1.074043 , 445 , 375
1.07515 , 446 , 376
1.07626 , 447 , 377
1.077437 , 448 , 378
1.078566 , 449 , 379
1.079727 , 450 , 380
1.080821 , 451 , 381
1.081918 , 450 , 380
1.083029 , 449 , 379
1.084122 , 448 , 378
1.085215 , 447 , 377
1.086329 , 446 , 376
1.087416 , 445 , 375
1.088536 , 444 , 374
1.08964 , 443 , 373
1.090724 , 442 , 372
1.091838 , 441 , 371
1.092948 , 440 , 370
1.094156 , 439 , 369
1.095291 , 438 , 368
1.096414 , 437 , 367
1.097519 , 436 , 366
1.098652 , 435 , 365
1.099752 , 434 , 364
1.100876 , 433 , 363
1.10199 , 432 , 362
1.103183 , 431 , 361
1.10432 , 430 , 360
1.105445 , 429 , 359
1.106534 , 428 , 358
1.107649 , 427 , 357
1.108757 , 426 , 356
1.109855 , 425 , 355
1.111108 , 424 , 354
1.112254 , 423 , 353
1.113512 , 422 , 352
1.114865 , 421 , 351
1.116007 , 420 , 350
1.117105 , 419 , 349
1.118219 , 418 , 348
1.119322 , 417 , 347
1.120578 , 416 , 346
1.121693 , 415 , 345
1.12279 , 414 , 344
1.123936 , 413 , 343
1.125024 , 412 , 342
1.126125 , 411 , 341
1.127254 , 410 , 340
1.128399 , 409 , 339
1.129497 , 408 , 338
1.130649 , 407 , 337
1.13176 , 406 , 336
1.132865 , 405 , 335
1.133967 , 404 , 334
1.135065 , 403 , 333
1.136155 , 402 , 332
1.13737 , 401 , 331
1.138513 , 400 , 330
1.139635 , 399 , 329
1.140741 , 398 , 328
1.141865 , 397 , 327
1.14301 , 396 , 326
1.144112 , 395 , 325
1.145236 , 394 , 324
1.146416 , 393 , 323
1.147525 , 392 , 322
1.148643 , 391 , 321
1.149809 , 390 , 320
1.150905 , 389 , 319
1.152019 , 388 , 318
1.153126 , 387 , 317
1.154214 , 386 , 316
1.155357 , 385 , 315
1.156468 , 384 , 314
1.157575 , 383 , 313
1.158705 , 382 , 312
1.159874 , 381 , 311
1.160993 , 380 , 310
1.162184 , 379 , 309
1.163407 , 378 , 308
1.164572 , 377 , 307
1.165692 , 376 , 306
1.166807 , 375 , 305
1.167941 , 374 , 304
1.16904 , 373 , 303
1.170157 , 372 , 302
1.171304 , 371 , 301
1.172433 , 370 , 300
1.173541 , 369 , 299
1.174669 , 368 , 298
1.175781 , 367 , 297
1.176884 , 366 , 296
1.177992 , 365 , 295
1.179161 , 364 , 294
1.180539 , 363 , 293
1.181785 , 362 , 292
1.182909 , 361 , 291
1.184061 , 360 , 290
1.185175 , 359 , 289
1.186287 , 358 , 288
1.187458 , 357 , 287
1.188638 , 356 , 286
1.18975 , 355 , 285
1.190884 , 354 , 284
1.191987 , 353 , 283
1.193084 , 352 , 282
1.194215 , 351 , 281
1.195327 , 350 , 280
1.196429 , 349 , 279
1.197553 , 350 , 280
1.198662 , 351 , 281
1.199789 , 352 , 282
1.200914 , 353 , 283
1.202007 , 354 , 284
1.203117 , 355 , 285
1.204235 , 356 , 286
1.205389 , 357 , 287
1.206613 , 358 , 288
1.207729 , 359 , 289
1.208853 , 360 , 290
1.210024 , 361 , 291
1.211121 , 362 , 292
1.212252 , 363 , 293
1.213358 , 364 , 294
1.214464 , 365 , 295
1.215582 , 366 , 296
1.216703 , 367 , 297
1.217867 , 368 , 298
1.218988 , 369 , 299
1.220104 , 370 , 300
1.221239 , 371 , 301
1.222381 , 372 , 302
1.223507 , 373 , 303
1.224605 , 374 , 304
1.22573 , 375 , 305
1.226824 , 376 , 306
1.227948 , 377 , 307
1.229096 , 378 , 308
1.230203 , 379 , 309
1.231317 , 380 , 310
1.232422 , 381 , 311
1.23353 , 382 , 312
1.23465 , 383 , 313
1.235747 , 384 , 314
1.236848 , 385 , 315
1.237997 , 386 , 316
1.239394 , 387 , 317
1.240511 , 388 , 318
1.241643 , 389 , 319
1.242738 , 390 , 320
1.243863 , 391 , 321
1.245048 , 392 , 322
1.24617 , 393 , 323
1.247294 , 394 , 324
1.248407 , 395 , 325
1.249515 , 396 , 326
1.250645 , 397 , 327
1.251736 , 398 , 328
1.252845 , 399 , 329
1.253956 , 400 , 330
1.255053 , 401 , 331
1.256153 , 402 , 332
1.257396 , 403 , 333
1.258513 , 404 , 334
1.259652 , 405 , 335
1.260773 , 406 , 336
1.261878 , 407 , 337
1.262996 , 408 , 338
1.264109 , 409 , 339
1.265243 , 410 , 340
1.266369 , 411 , 341
1.267462 , 412 , 342
1.268569 , 413 , 343
1.269677 , 414 , 344
1.270776 , 415 , 345
1.27188 , 416 , 346
1.27299 , 417 , 347
1.274096 , 418 , 348
1.275201 , 419 , 349
1.276321 , 420 , 350
1.277428 , 421 , 351
1.278528 , 422 , 352
1.279647 , 423 , 353
1.280734 , 424 , 354
1.281864 , 425 , 355
1.282961 , 426 , 356
1.284058 , 427 , 357
1.285168 , 428 , 358
1.286309 , 429 , 359
1.287418 , 430 , 360
1.288533 , 431 , 361
1.289637 , 432 , 362
1.290736 , 433 , 363
1.291865 , 434 , 364
1.292965 , 435 , 365
1.294086 , 436 , 366
1.295193 , 437 , 367
1.296286 , 438 , 368
1.297403 , 439 , 369
1.298512 , 440 , 370
1.299624 , 441 , 371
1.300749 , 442 , 372
1.301866 , 443 , 373
1.302963 , 444 , 374
1.304078 , 445 , 375
1.305187 , 446 , 376
1.306281 , 447 , 377
1.307406 , 448 , 378
1.308511 , 449 , 379
1.309599 , 450 , 380
1.310714 , 451 , 381
1.31183 , 450 , 380
1.31293 , 449 , 379
1.31403 , 448 , 378
1.315353 , 447 , 377
1.316511 , 446 , 376
1.317639 , 445 , 375
1.318753 , 444 , 374
1.319895 , 443 , 373
1.320987 , 442 , 372
1.322086 , 441 , 371
1.323202 , 440 , 370
1.324292 , 439 , 369
1.325384 , 438 , 368
1.326539 , 437 , 367
1.327659 , 436 , 366
1.328796 , 435 , 365
1.329886 , 434 , 364
1.330996 , 433 , 363
1.332092 , 432 , 362
1.333186 , 431 , 361
1.334297 , 430 , 360
1.335418 , 429 , 359
1.336533 , 428 , 358
1.337638 , 427 , 357
1.338743 , 426 , 356
1.339852 , 425 , 355
1.341126 , 424 , 354
1.342265 , 423 , 353
1.34338 , 422 , 352
1.344492 , 421 , 351
1.345617 , 420 , 350
1.346723 , 419 , 349
1.347838 , 418 , 348
1.349052 , 417 , 347
1.350156 , 416 , 346
1.351275 , 415 , 345
1.352373 , 414 , 344
1.353513 , 413 , 343
1.354629 , 412 , 342
1.355731 , 411 , 341
1.356832 , 410 , 340
1.357936 , 409 , 339
1.359028 , 408 , 338
1.360146 , 407 , 337
1.361254 , 406 , 336
1.36236 , 405 , 335
1.363802 , 404 , 334
1.364938 , 403 , 333
1.366049 , 402 , 332
1.367178 , 401 , 331
1.368337 , 400 , 330
1.369434 , 399 , 329
1.370525 , 398 , 328
1.371646 , 397 , 327
1.372749 , 396 , 326
1.373863 , 395 , 325
1.374998 , 394 , 324
1.376102 , 393 , 323
1.377228 , 392 , 322
1.378326 , 391 , 321
1.379428 , 390 , 320
1.380537 , 389 , 319
1.381642 , 388 , 318
1.382764 , 387 , 317
1.383861 , 386 , 316
1.384963 , 385 , 315
1.386068 , 384 , 314
1.387182 , 383 , 313
1.388289 , 382 , 312
1.389422 , 381 , 311
1.390533 , 380 , 310
1.391627 , 379 , 309
1.392737 , 378 , 308
1.393826 , 377 , 307
1.394931 , 376 , 306
1.396037 , 375 , 305
1.397144 , 374 , 304
1.398272 , 373 , 303
1.399374 , 372 , 302
1.400484 , 371 , 301
1.401591 , 370 , 300
1.402683 , 369 , 299
1.403791 , 368 , 298
1.404918 , 367 , 297
1.406023 , 366 , 296
1.407127 , 365 , 295
1.408229 , 364 , 294
1.409333 , 363 , 293
1.410448 , 362 , 292
1.411565 , 361 , 291
1.412659 , 360 , 290
1.413816 , 359 , 289
1.414994 , 358 , 288
1.416151 , 357 , 287
1.417369 , 356 , 286
1.418473 , 355 , 285
1.419666 , 354 , 284
1.42078 , 353 , 283
1.421872 , 352 , 282
1.422985 , 351 , 281
1.424087 , 350 , 280
1.425471 , 349 , 279
1.426614 , 350 , 280
1.427735 , 351 , 281
1.428956 , 352 , 282
1.430052 , 353 , 283
1.431146 , 354 , 284
1.432288 , 355 , 285
1.433394 , 356 , 286
1.434494 , 357 , 287
1.435617 , 358 , 288
1.43671 , 359 , 289
1.437801 , 360 , 290
1.438945 , 361 , 291
1.440052 , 362 , 292
1.441173 , 363 , 293
1.44227 , 364 , 294
1.443367 , 365 , 295
1.444471 , 366 , 296
1.445568 , 367 , 297
1.446687 , 368 , 298
1.447865 , 369 , 299
1.44897 , 370 , 300
1.450074 , 371 , 301
1.451186 , 372 , 302
1.45228 , 373 , 303
1.453398 , 374 , 304
1.454515 , 375 , 305
1.455612 , 376 , 306
1.456721 , 377 , 307
1.457845 , 378 , 308
1.458957 , 379 , 309
1.460058 , 380 , 310
1.461171 , 381 , 311
1.462258 , 382 , 312
1.463367 , 383 , 313
1.46448 , 384 , 314
1.465605 , 385 , 315
1.466713 , 386 , 316
1.46783 , 387 , 317
1.468952 , 388 , 318
1.470057 , 389 , 319
1.471153 , 390 , 320
1.472274 , 391 , 321
1.473376 , 392 , 322
1.474482 , 393 , 323
1.475619 , 394 , 324
1.476723 , 395 , 325
1.477817 , 396 , 326
1.478962 , 397 , 327
1.480097 , 398 , 328
1.481192 , 399 , 329
1.48229 , 400 , 330
1.483395 , 401 , 331
1.484589 , 402 , 332
1.485717 , 403 , 333
1.487169 , 404 , 334
1.488291 , 405 , 335
1.48952 , 406 , 336
1.490627 , 407 , 337
1.49175 , 408 , 338
1.49285 , 409 , 339
1.494128 , 410 , 340
1.495282 , 411 , 341
1.496383 , 412 , 342
1.497485 , 413 , 343
1.498624 , 414 , 344
1.49972 , 415 , 345
1.500806 , 416 , 346
1.501918 , 417 , 347
1.50301 , 418 , 348
1.504112 , 419 , 349
1.505236 , 420 , 350
1.506361 , 421 , 351
1.507478 , 422 , 352
1.508581 , 423 , 353
1.509691 , 424 , 354
1.510859 , 425 , 355
1.511966 , 426 , 356
1.51308 , 427 , 357
1.514182 , 428 , 358
1.515279 , 429 , 359
1.516382 , 430 , 360
1.517501 , 431 , 361
1.518594 , 432 , 362
1.519714 , 433 , 363
1.520841 , 434 , 364
1.521927 , 435 , 365
1.523032 , 436 , 366
1.524134 , 437 , 367
1.525238 , 438 , 368
1.526365 , 439 , 369
1.527472 , 440 , 370
1.528571 , 441 , 371
1.529693 , 442 , 372
1.530797 , 443 , 373
1.531905 , 444 , 374
1.533017 , 445 , 375
1.53413 , 446 , 376
1.535274 , 447 , 377
1.53638 , 448 , 378
1.537478 , 449 , 379
1.538596 , 450 , 380
1.539707 , 451 , 381
1.540823 , 450 , 380
1.541929 , 449 , 379
1.543023 , 448 , 378
1.544123 , 447 , 377
1.545234 , 446 , 376
1.546354 , 445 , 375
1.547458 , 444 , 374
1.548557 , 443 , 373
1.549654 , 442 , 372
1.550746 , 441 , 371
1.551845 , 440 , 370
1.553039 , 439 , 369
1.55414 , 438 , 368
1.555354 , 437 , 367
1.556478 , 436 , 366
1.557589 , 435 , 365
1.558683 , 434 , 364
1.559792 , 433 , 363
1.560939 , 432 , 362
1.56204 , 431 , 361
1.563144 , 430 , 360
1.564259 , 429 , 359
1.565348 , 428 , 358
1.566445 , 427 , 357
1.567572 , 426 , 356
1.568657 , 425 , 355
1.569782 , 424 , 354
1.570899 , 423 , 353
1.571988 , 422 , 352
1.573082 , 421 , 351
1.574285 , 420 , 350
1.575425 , 419 , 349
1.576563 , 418 , 348
1.57768 , 417 , 347
1.57878 , 416 , 346
1.579875 , 415 , 345
1.580972 , 414 , 344
1.582094 , 413 , 343
1.583202 , 412 , 342
1.584298 , 411 , 341
1.5854 , 410 , 340
1.586604 , 409 , 339
1.587831 , 408 , 338
1.588953 , 407 , 337
1.590172 , 406 , 336
1.591278 , 405 , 335
1.59237 , 404 , 334
1.593494 , 403 , 333
1.594582 , 402 , 332
1.59578 , 401 , 331
1.597003 , 400 , 330
1.598137 , 399 , 329
1.599296 , 398 , 328
1.600405 , 397 , 327
1.601511 , 396 , 326
1.602635 , 395 , 325
1.603875 , 394 , 324
1.605012 , 393 , 323
1.606113 , 392 , 322
1.607227 , 391 , 321
1.608356 , 390 , 320
1.609468 , 389 , 319
1.61058 , 388 , 318
1.612032 , 387 , 317
1.613177 , 386 , 316
1.614271 , 385 , 315
1.615393 , 384 , 314
1.6165 , 383 , 313
1.617589 , 382 , 312
1.618697 , 381 , 311
1.61981 , 380 , 310
1.62118 , 379 , 309
1.622309 , 378 , 308
1.623424 , 377 , 307
1.62456 , 376 , 306
1.625668 , 375 , 305
1.62676 , 374 , 304
1.627904 , 373 , 303
1.629042 , 372 , 302
1.63032 , 371 , 301
1.631471 , 370 , 300
1.632578 , 369 , 299
1.633689 , 368 , 298
1.634798 , 367 , 297
1.635902 , 366 , 296
1.637003 , 365 , 295
1.638114 , 364 , 294
1.639227 , 363 , 293
1.640324 , 362 , 292
1.641411 , 361 , 291
1.642509 , 360 , 290
1.643624 , 359 , 289
1.644717 , 358 , 288
1.645865 , 357 , 287
1.647003 , 356 , 286
1.648116 , 355 , 285
1.649231 , 354 , 284
1.650348 , 353 , 283
1.651444 , 352 , 282
1.652542 , 351 , 281
1.653651 , 350 , 280
1.654774 , 349 , 279
1.655885 , 350 , 280
1.657011 , 351 , 281
1.658106 , 352 , 282
1.659221 , 353 , 283
1.660315 , 354 , 284
1.661404 , 355 , 285
1.662527 , 356 , 286
1.663636 , 357 , 287
1.664744 , 358 , 288
1.665854 , 359 , 289
1.666942 , 360 , 290
1.668053 , 361 , 291
1.669203 , 362 , 292
1.670309 , 363 , 293
1.671468 , 364 , 294
1.672595 , 365 , 295
1.673686 , 366 , 296
1.674824 , 367 , 297
1.675934 , 368 , 298
1.67704 , 369 , 299
1.678144 , 370 , 300
1.679293 , 371 , 301
1.680436 , 372 , 302
1.681619 , 373 , 303
1.682743 , 374 , 304
1.683843 , 375 , 305
1.684961 , 376 , 306
1.686061 , 377 , 307
1.687221 , 378 , 308
1.688326 , 379 , 309
1.689431 , 380 , 310
1.690559 , 381 , 311
1.691654 , 382 , 312
1.692771 , 383 , 313
1.693877 , 384 , 314
1.69497 , 385 , 315
1.696067 , 386 , 316
1.697175 , 387 , 317
1.698278 , 388 , 318
1.699366 , 389 , 319
1.70048 , 390 , 320
1.701591 , 391 , 321
1.702697 , 392 , 322
1.703794 , 393 , 323
1.704885 , 394 , 324
1.705993 , 395 , 325
1.707087 , 396 , 326
1.708202 , 397 , 327
1.709336 , 398 , 328
1.710438 , 399 , 329
1.711555 , 400 , 330
1.712685 , 401 , 331
1.713799 , 402 , 332
1.714926 , 403 , 333
1.716052 , 404 , 334
1.717159 , 405 , 335
1.718252 , 406 , 336
1.719365 , 407 , 337
1.720456 , 408 , 338
1.721564 , 409 , 339
1.722825 , 410 , 340
1.723972 , 411 , 341
1.725051 , 412 , 342
1.726117 , 413 , 343
1.727183 , 414 , 344
1.728249 , 415 , 345
1.72931 , 416 , 346
1.730466 , 417 , 347
1.731542 , 418 , 348
1.732606 , 419 , 349
1.733676 , 420 , 350
1.735047 , 421 , 351
1.736385 , 422 , 352
1.737515 , 423 , 353
1.738582 , 424 , 354
1.739763 , 425 , 355
1.740846 , 426 , 356
1.741909 , 427 , 357
1.742983 , 428 , 358
1.744047 , 429 , 359
1.745111 , 430 , 360
1.746178 , 431 , 361
1.747352 , 432 , 362
1.748434 , 433 , 363
1.749542 , 434 , 364
1.750618 , 435 , 365
1.751682 , 436 , 366
1.752755 , 437 , 367
1.753817 , 438 , 368
1.754883 , 439 , 369
1.756013 , 440 , 370
1.75709 , 441 , 371
1.758179 , 442 , 372
1.759249 , 443 , 373
1.76031 , 444 , 374
1.761423 , 445 , 375
1.762486 , 446 , 376
1.7636 , 447 , 377
1.764679 , 448 , 378
1.765749 , 449 , 379
1.766814 , 450 , 380
1.767892 , 451 , 381
1.768956 , 450 , 380
1.770019 , 449 , 379
1.77109 , 448 , 378
1.772259 , 447 , 377
1.773363 , 446 , 376
1.77444 , 445 , 375
1.775499 , 444 , 374
1.776578 , 443 , 373
1.777638 , 442 , 372
1.778701 , 441 , 371
1.779906 , 440 , 370
1.780981 , 439 , 369
1.782045 , 438 , 368
1.783113 , 437 , 367
1.784177 , 436 , 366
1.785241 , 435 , 365
1.786335 , 434 , 364
1.787407 , 433 , 363
1.788537 , 432 , 362
1.789614 , 431 , 361
1.790673 , 430 , 360
1.791749 , 429 , 359
1.792807 , 428 , 358
1.793872 , 427 , 357
1.794936 , 426 , 356
1.796013 , 425 , 355
1.797069 , 424 , 354
1.798134 , 423 , 353
1.799189 , 422 , 352
1.800255 , 421 , 351
1.801319 , 420 , 350
1.802382 , 419 , 349
1.803441 , 418 , 348
1.804507 , 417 , 347
1.80557 , 416 , 346
1.806636 , 415 , 345
1.807697 , 414 , 344
1.808757 , 413 , 343
1.80985 , 412 , 342
1.810913 , 411 , 341
1.811975 , 410 , 340
1.813041 , 409 , 339
1.814101 , 408 , 338
1.815165 , 407 , 337
1.816259 , 406 , 336
1.817415 , 405 , 335
1.818766 , 404 , 334
1.819879 , 403 , 333
1.820964 , 402 , 332
1.822039 , 401 , 331
1.823107 , 400 , 330
1.824173 , 399 , 329
1.825251 , 398 , 328
1.826387 , 397 , 327
1.827459 , 396 , 326
1.828576 , 395 , 325
1.829641 , 394 , 324
1.830712 , 393 , 323
1.831784 , 392 , 322
1.832844 , 391 , 321
1.833904 , 390 , 320
1.83502 , 389 , 319
1.836078 , 388 , 318
1.83721 , 387 , 317
1.83829 , 386 , 316
1.839364 , 385 , 315
1.840437 , 384 , 314
1.841503 , 383 , 313
1.842564 , 382 , 312
1.843669 , 381 , 311
1.84473 , 380 , 310
1.845794 , 379 , 309
1.84686 , 378 , 308
1.847923 , 377 , 307
1.848981 , 376 , 306
1.850094 , 375 , 305
1.851155 , 374 , 304
1.852213 , 373 , 303
1.853289 , 372 , 302
1.854353 , 371 , 301
1.855822 , 370 , 300
1.856911 , 369 , 299
1.857974 , 368 , 298
1.859079 , 367 , 297
1.860139 , 366 , 296
1.861208 , 365 , 295
1.862274 , 364 , 294
1.863338 , 363 , 293
1.864395 , 362 , 292
1.865491 , 361 , 291
1.866546 , 360 , 290
1.867607 , 359 , 289
1.868691 , 358 , 288
1.86976 , 357 , 287
1.870872 , 356 , 286
1.871945 , 355 , 285
1.873009 , 354 , 284
1.874116 , 353 , 283
1.875172 , 352 , 282
1.876236 , 351 , 281
1.877299 , 350 , 280
1.878363 , 349 , 279
1.879425 , 350 , 280
1.880492 , 351 , 281
1.881551 , 352 , 282
1.882614 , 353 , 283
1.883724 , 354 , 284
1.884788 , 355 , 285
1.885871 , 356 , 286
1.886962 , 357 , 287
1.88803 , 358 , 288
1.889103 , 359 , 289
1.890165 , 360 , 290
1.891224 , 361 , 291
1.892288 , 362 , 292
1.893349 , 363 , 293
1.894418 , 364 , 294
1.895491 , 365 , 295
1.896553 , 366 , 296
1.897613 , 367 , 297
1.898676 , 368 , 298
1.899737 , 369 , 299
1.900801 , 370 , 300
1.901906 , 371 , 301
1.90297 , 372 , 302
1.904066 , 373 , 303
1.905124 , 374 , 304
1.906186 , 375 , 305
1.907251 , 376 , 306
1.908317 , 377 , 307
1.909379 , 378 , 308
1.910494 , 379 , 309
1.911556 , 380 , 310
1.912616 , 381 , 311
1.913683 , 382 , 312
1.914746 , 383 , 313
1.915802 , 384 , 314
1.916924 , 385 , 315
1.917989 , 386 , 316
1.919077 , 387 , 317
1.920166 , 388 , 318
1.92124 , 389 , 319
1.922308 , 390 , 320
1.923378 , 391 , 321
1.924436 , 392 , 322
1.925532 , 393 , 323
1.926596 , 394 , 324
1.927661 , 395 , 325
1.928731 , 396 , 326
1.929794 , 397 , 327
1.930855 , 398 , 328
1.931949 , 399 , 329
1.933009 , 400 , 330
1.934066 , 401 , 331
1.935129 , 402 , 332
1.936195 , 403 , 333
1.937253 , 404 , 334
1.938348 , 405 , 335
1.939407 , 406 , 336
1.940506 , 407 , 337
1.941566 , 408 , 338
1.942679 , 409 , 339
1.943776 , 410 , 340
1.944847 , 411 , 341
1.945917 , 412 , 342
1.947025 , 413 , 343
1.948087 , 414 , 344
1.949151 , 415 , 345
1.950212 , 416 , 346
1.951285 , 417 , 347
1.952346 , 418 , 348
1.953412 , 419 , 349
1.954473 , 420 , 350
1.955565 , 421 , 351
1.956625 , 422 , 352
1.957687 , 423 , 353
1.958755 , 424 , 354
1.959816 , 425 , 355
1.960873 , 426 , 356
1.961997 , 427 , 357
1.963056 , 428 , 358
1.964134 , 429 , 359
1.965205 , 430 , 360
1.966269 , 431 , 361
1.96733 , 432 , 362
1.9684 , 433 , 363
1.969458 , 434 , 364
1.970523 , 435 , 365
1.971591 , 436 , 366
1.972652 , 437 , 367
1.973711 , 438 , 368
1.975117 , 439 , 369
1.976199 , 440 , 370
1.977272 , 441 , 371
1.978363 , 442 , 372
1.979435 , 443 , 373
1.980504 , 444 , 374
1.981571 , 445 , 375
1.982629 , 446 , 376
1.983697 , 447 , 377
1.984762 , 448 , 378
1.985827 , 449 , 379
1.986893 , 450 , 380
