0.569956 , 401 , 331
0.571134 , 402 , 332
0.5722 , 403 , 333
0.573256 , 404 , 334
0.574337 , 405 , 335
0.575458 , 406 , 336
0.576515 , 407 , 337
0.577567 , 408 , 338
0.578653 , 409 , 339
0.579706 , 410 , 340
0.580758 , 411 , 341
0.581853 , 412 , 342
0.582968 , 413 , 343
0.584035 , 414 , 344
0.585098 , 415 , 345
0.586164 , 416 , 346
0.587225 , 417 , 347
0.588283 , 418 , 348
0.589346 , 419 , 349
0.590399 , 420 , 350
0.591473 , 421 , 351
0.592536 , 422 , 352
0.593589 , 423 , 353
0.594641 , 424 , 354
0.595732 , 425 , 355
0.596782 , 426 , 356
0.597838 , 427 , 357
0.598924 , 428 , 358
0.599979 , 429 , 359
0.601033 , 430 , 360
0.602085 , 431 , 361
0.603184 , 432 , 362
0.604262 , 433 , 363
0.605351 , 434 , 364
0.606452 , 435 , 365
0.607531 , 436 , 366
0.60859 , 437 , 367
0.609653 , 438 , 368
0.610889 , 439 , 369
0.612082 , 440 , 370
0.613139 , 441 , 371
0.614202 , 442 , 372
0.615265 , 443 , 373
0.616327 , 444 , 374
0.617386 , 445 , 375
0.618441 , 446 , 376
0.619502 , 447 , 377
0.620555 , 448 , 378
0.621609 , 449 , 379
0.622663 , 450 , 380
0.623772 , 451 , 381
0.624853 , 450 , 380
0.62591 , 449 , 379
0.626963 , 448 , 378
0.628023 , 447 , 377
0.629072 , 446 , 376
0.630126 , 445 , 375
0.631195 , 444 , 374
0.632256 , 443 , 373
0.633308 , 442 , 372
0.634392 , 441 , 371
0.635485 , 440 , 370
0.636549 , 439 , 369
0.637603 , 438 , 368
0.638727 , 437 , 367
0.639846 , 436 , 366
0.640908 , 435 , 365
0.641975 , 434 , 364
0.643047 , 433 , 363
0.644125 , 432 , 362
0.645179 , 431 , 361
0.646235 , 430 , 360
0.647287 , 429 , 359
0.648345 , 428 , 358
0.649501 , 427 , 357
0.650666 , 426 , 356
0.65173 , 425 , 355
0.652803 , 424 , 354
0.65386 , 423 , 353
0.654914 , 422 , 352
0.656002 , 421 , 351
0.657057 , 420 , 350
0.658111 , 419 , 349
0.659202 , 418 , 348
0.660318 , 417 , 347
0.661385 , 416 , 346
0.662453 , 415 , 345
0.663507 , 414 , 344
0.664564 , 413 , 343
0.665622 , 412 , 342
0.666677 , 411 , 341
0.667732 , 410 , 340
0.668823 , 409 , 339
0.669902 , 408 , 338
0.670995 , 407 , 337
0.672055 , 406 , 336
0.673119 , 405 , 335
0.674176 , 404 , 334
0.675234 , 403 , 333
0.676324 , 402 , 332
0.677375 , 401 , 331
0.678425 , 400 , 330
0.679475 , 399 , 329
0.680539 , 398 , 328
0.681781 , 397 , 327
0.68297 , 396 , 326
0.684028 , 395 , 325
0.685099 , 394 , 324
0.686159 , 393 , 323
0.687214 , 392 , 322
0.688267 , 391 , 321
0.689327 , 390 , 320
0.690393 , 389 , 319
0.691459 , 388 , 318
0.692517 , 387 , 317
0.693573 , 386 , 316
0.694625 , 385 , 315
0.695675 , 384 , 314
0.696733 , 383 , 313
0.697783 , 382 , 312
0.698838 , 381 , 311
0.699904 , 380 , 310
0.701058 , 379 , 309
0.702121 , 378 , 308
0.703179 , 377 , 307
0.70423 , 376 , 306
0.705327 , 375 , 305
0.70638 , 374 , 304
0.707434 , 373 , 303
0.708488 , 372 , 302
0.709577 , 371 , 301
0.710634 , 370 , 300
0.711688 , 369 , 299
0.712811 , 368 , 298
0.713869 , 367 , 297
0.714928 , 366 , 296
0.715985 , 365 , 295
0.717049 , 364 , 294
0.7181 , 363 , 293
0.719156 , 362 , 292
0.720256 , 361 , 291
0.721517 , 360 , 290
0.722594 , 359 , 289
0.723653 , 358 , 288
0.72471 , 357 , 287
0.725816 , 356 , 286
0.726898 , 355 , 285
0.72796 , 354 , 284
0.729057 , 353 , 283
0.730118 , 352 , 282
0.731171 , 351 , 281
0.732227 , 350 , 280
0.733284 , 349 , 279
0.734339 , 350 , 280
0.735506 , 351 , 281
0.736572 , 352 , 282
0.737639 , 353 , 283
0.738698 , 354 , 284
0.739757 , 355 , 285
0.740816 , 356 , 286
0.741871 , 357 , 287
0.742924 , 358 , 288
0.743976 , 359 , 289
0.745028 , 360 , 290
0.746113 , 361 , 291
0.74717 , 362 , 292
0.748229 , 363 , 293
0.749285 , 364 , 294
0.750344 , 365 , 295
0.751397 , 366 , 296
0.752448 , 367 , 297
0.753705 , 368 , 298
0.754874 , 369 , 299
0.755931 , 370 , 300
0.75699 , 371 , 301
0.758053 , 372 , 302
0.759113 , 373 , 303
0.760163 , 374 , 304
0.76122 , 375 , 305
0.762317 , 376 , 306
0.763373 , 377 , 307
0.764421 , 378 , 308
0.765473 , 379 , 309
0.766529 , 380 , 310
0.767582 , 381 , 311
0.768635 , 382 , 312
0.769742 , 383 , 313
0.770824 , 384 , 314
0.771881 , 385 , 315
0.772933 , 386 , 316
0.774038 , 387 , 317
0.775154 , 388 , 318
0.776211 , 389 , 319
0.777261 , 390 , 320
0.778349 , 391 , 321
0.779453 , 392 , 322
0.780659 , 393 , 323
0.781741 , 394 , 324
0.782799 , 395 , 325
0.783967 , 396 , 326
0.78506 , 397 , 327
0.786118 , 398 , 328
0.787173 , 399 , 329
0.788326 , 400 , 330
0.789484 , 401 , 331
0.79055 , 402 , 332
0.791606 , 403 , 333
0.792666 , 404 , 334
0.793734 , 405 , 335
0.794802 , 406 , 336
0.795857 , 407 , 337
0.796949 , 408 , 338
0.798033 , 409 , 339
0.79912 , 410 , 340
0.800175 , 411 , 341
0.801237 , 412 , 342
0.802293 , 413 , 343
0.803355 , 414 , 344
0.804419 , 415 , 345
0.805478 , 416 , 346
0.806531 , 417 , 347
0.807586 , 418 , 348
0.808649 , 419 , 349
0.809711 , 420 , 350
0.810808 , 421 , 351
0.811877 , 422 , 352
0.812975 , 423 , 353
0.814072 , 424 , 354
0.815139 , 425 , 355
0.8162 , 426 , 356
0.817269 , 427 , 357
0.81837 , 428 , 358
0.819479 , 429 , 359
0.820544 , 430 , 360
0.821609 , 431 , 361
0.822665 , 432 , 362
0.823895 , 433 , 363
0.825247 , 434 , 364
0.826415 , 435 , 365
0.827504 , 436 , 366
0.828603 , 437 , 367
0.829733 , 438 , 368
0.830827 , 439 , 369
0.831883 , 440 , 370
0.832942 , 441 , 371
0.834034 , 442 , 372
0.835089 , 443 , 373
0.836143 , 444 , 374
0.837199 , 445 , 375
0.83826 , 446 , 376
0.839324 , 447 , 377
0.84038 , 448 , 378
0.841477 , 449 , 379
0.842542 , 450 , 380
0.843596 , 451 , 381
0.84465 , 450 , 380
0.845743 , 449 , 379
0.846846 , 448 , 378
0.847939 , 447 , 377
0.849048 , 446 , 376
0.850223 , 445 , 375
0.851297 , 444 , 374
0.852358 , 443 , 373
0.853414 , 442 , 372
0.854474 , 441 , 371
0.85553 , 440 , 370
0.856584 , 439 , 369
0.857641 , 438 , 368
0.858698 , 437 , 367
0.85975 , 436 , 366
0.860805 , 435 , 365
0.861941 , 434 , 364
0.863054 , 433 , 363
0.864111 , 432 , 362
0.865169 , 431 , 361
0.866262 , 430 , 360
0.86732 , 429 , 359
0.868372 , 428 , 358
0.869421 , 427 , 357
0.870486 , 426 , 356
0.871543 , 425 , 355
0.8726 , 424 , 354
0.873666 , 423 , 353
0.874728 , 422 , 352
0.875785 , 421 , 351
0.876838 , 420 , 350
0.877895 , 419 , 349
0.878955 , 418 , 348
0.880011 , 417 , 347
0.88108 , 416 , 346
0.882152 , 415 , 345
0.883239 , 414 , 344
0.884295 , 413 , 343
0.885352 , 412 , 342
0.886415 , 411 , 341
0.887527 , 410 , 340
0.888655 , 409 , 339
0.889719 , 408 , 338
0.890832 , 407 , 337
0.89195 , 406 , 336
0.89301 , 405 , 335
0.894063 , 404 , 334
0.89513 , 403 , 333
0.896401 , 402 , 332
0.897563 , 401 , 331
0.898656 , 400 , 330
0.899727 , 399 , 329
0.900788 , 398 , 328
0.901841 , 397 , 327
0.902901 , 396 , 326
0.90396 , 395 , 325
0.905013 , 394 , 324
0.906064 , 393 , 323
0.907121 , 392 , 322
0.908219 , 391 , 321
0.90933 , 390 , 320
0.910413 , 389 , 319
0.911505 , 388 , 318
0.912566 , 387 , 317
0.913627 , 386 , 316
0.91469 , 385 , 315
0.915752 , 384 , 314
0.916808 , 383 , 313
0.917859 , 382 , 312
0.918949 , 381 , 311
0.920013 , 380 , 310
0.921119 , 379 , 309
0.922178 , 378 , 308
0.923244 , 377 , 307
0.924306 , 376 , 306
0.925368 , 375 , 305
0.926424 , 374 , 304
0.927488 , 373 , 303
0.928552 , 372 , 302
0.929611 , 371 , 301
0.930663 , 370 , 300
0.93175 , 369 , 299
0.932897 , 368 , 298
0.933983 , 367 , 297
0.935074 , 366 , 296
0.936136 , 365 , 295
0.937198 , 364 , 294
0.938367 , 363 , 293
0.939533 , 362 , 292
0.940624 , 361 , 291
0.941682 , 360 , 290
0.94274 , 359 , 289
0.94384 , 358 , 288
0.944932 , 357 , 287
0.946157 , 356 , 286
0.94757 , 355 , 285
0.948801 , 354 , 284
0.949861 , 353 , 283
0.950918 , 352 , 282
0.952005 , 351 , 281
0.95307 , 350 , 280
0.95413 , 349 , 279
0.955188 , 350 , 280
0.956246 , 351 , 281
0.957413 , 352 , 282
0.958683 , 353 , 283
0.959767 , 354 , 284
0.960836 , 355 , 285
0.961897 , 356 , 286
0.963003 , 357 , 287
0.964149 , 358 , 288
0.965288 , 359 , 289
0.966346 , 360 , 290
0.967407 , 361 , 291
0.968634 , 362 , 292
0.969824 , 363 , 293
0.970893 , 364 , 294
0.971949 , 365 , 295
0.973016 , 366 , 296
0.974173 , 367 , 297
0.975299 , 368 , 298
0.976357 , 369 , 299
0.977451 , 370 , 300
0.978505 , 371 , 301
0.979559 , 372 , 302
0.980648 , 373 , 303
0.981756 , 374 , 304
0.98284 , 375 , 305
0.983906 , 376 , 306
0.984969 , 377 , 307
0.98603 , 378 , 308
0.987093 , 379 , 309
0.988163 , 380 , 310
0.989235 , 381 , 311
0.990351 , 382 , 312
0.99144 , 383 , 313
0.992494 , 384 , 314
0.993576 , 385 , 315
0.994687 , 386 , 316
0.995781 , 387 , 317
0.996906 , 388 , 318
0.998009 , 389 , 319
0.999067 , 390 , 320
1.000137 , 391 , 321
1.001205 , 392 , 322
1.002269 , 393 , 323
1.003318 , 394 , 324
1.00437 , 395 , 325
1.005426 , 396 , 326
1.006538 , 397 , 327
1.00762 , 398 , 328
1.008709 , 399 , 329
1.009804 , 400 , 330
1.010867 , 401 , 331
1.011922 , 402 , 332
1.012981 , 403 , 333
1.014051 , 404 , 334
1.015111 , 405 , 335
1.0162 , 406 , 336
1.017287 , 407 , 337
1.018356 , 408 , 338
1.019476 , 409 , 339
1.020569 , 410 , 340
1.021639 , 411 , 341
1.0228 , 412 , 342
1.023914 , 413 , 343
1.024977 , 414 , 344
1.026038 , 415 , 345
1.027098 , 416 , 346
1.028154 , 417 , 347
1.029214 , 418 , 348
1.030272 , 419 , 349
1.031329 , 420 , 350
1.032381 , 421 , 351
1.033431 , 422 , 352
1.034491 , 423 , 353
1.03555 , 424 , 354
1.036605 , 425 , 355
1.037666 , 426 , 356
1.038733 , 427 , 357
1.039961 , 428 , 358
1.041133 , 429 , 359
1.042189 , 430 , 360
1.043248 , 431 , 361
1.044305 , 432 , 362
1.045359 , 433 , 363
1.046426 , 434 , 364
1.047492 , 435 , 365
1.048545 , 436 , 366
1.049627 , 437 , 367
1.050726 , 438 , 368
1.051824 , 439 , 369
1.05288 , 440 , 370
1.053939 , 441 , 371
1.055035 , 442 , 372
1.056133 , 443 , 373
1.057193 , 444 , 374
1.058293 , 445 , 375
1.05941 , 446 , 376
1.060471 , 447 , 377
1.061525 , 448 , 378
1.062579 , 449 , 379
1.063644 , 450 , 380
1.064704 , 451 , 381
1.065761 , 450 , 380
1.066819 , 449 , 379
1.067877 , 448 , 378
1.06893 , 447 , 377
1.069987 , 446 , 376
1.071053 , 445 , 375
1.072147 , 444 , 374
1.073205 , 443 , 373
1.074262 , 442 , 372
1.07532 , 441 , 371
1.076374 , 440 , 370
1.077512 , 439 , 369
1.07869 , 438 , 368
1.079864 , 437 , 367
1.080932 , 436 , 366
1.082028 , 435 , 365
1.083128 , 434 , 364
1.084226 , 433 , 363
1.085282 , 432 , 362
1.086336 , 431 , 361
1.087411 , 430 , 360
1.088523 , 429 , 359
1.089622 , 428 , 358
1.090701 , 427 , 357
1.091763 , 426 , 356
1.092823 , 425 , 355
1.093879 , 424 , 354
1.094933 , 423 , 353
1.096023 , 422 , 352
1.097077 , 421 , 351
1.098183 , 420 , 350
1.099274 , 419 , 349
1.100351 , 418 , 348
1.101415 , 417 , 347
1.102511 , 416 , 346
1.103608 , 415 , 345
1.104673 , 414 , 344
1.105729 , 413 , 343
1.106853 , 412 , 342
1.107996 , 411 , 341
1.109103 , 410 , 340
1.110212 , 409 , 339
1.111495 , 408 , 338
1.112758 , 407 , 337
1.113835 , 406 , 336
1.114899 , 405 , 335
1.11601 , 404 , 334
1.117142 , 403 , 333
1.118202 , 402 , 332
1.119292 , 401 , 331
1.120377 , 400 , 330
1.121571 , 399 , 329
1.12272 , 398 , 328
1.123782 , 397 , 327
1.12488 , 396 , 326
1.125943 , 395 , 325
1.127002 , 394 , 324
1.128058 , 393 , 323
1.129113 , 392 , 322
1.13017 , 391 , 321
1.131225 , 390 , 320
1.132339 , 389 , 319
1.133472 , 388 , 318
1.13458 , 387 , 317
1.135684 , 386 , 316
1.136745 , 385 , 315
1.137813 , 384 , 314
1.138968 , 383 , 313
1.140118 , 382 , 312
1.141275 , 381 , 311
1.142383 , 380 , 310
1.14345 , 379 , 309
1.14451 , 378 , 308
1.145616 , 377 , 307
1.146715 , 376 , 306
1.147779 , 375 , 305
1.148836 , 374 , 304
1.149895 , 373 , 303
1.15101 , 372 , 302
1.15216 , 371 , 301
1.153265 , 370 , 300
1.154332 , 369 , 299
1.155438 , 368 , 298
1.156551 , 367 , 297
1.157709 , 366 , 296
1.158806 , 365 , 295
1.159864 , 364 , 294
1.160934 , 363 , 293
1.162015 , 362 , 292
1.163075 , 361 , 291
1.164127 , 360 , 290
1.165182 , 359 , 289
1.166259 , 358 , 288
1.16733 , 357 , 287
1.16839 , 356 , 286
1.169449 , 355 , 285
1.170546 , 354 , 284
1.171687 , 353 , 283
1.172772 , 352 , 282
1.173857 , 351 , 281
1.174976 , 350 , 280
1.176053 , 349 , 279
1.177114 , 350 , 280
1.17826 , 351 , 281
1.179369 , 352 , 282
1.180582 , 353 , 283
1.182007 , 354 , 284
1.183104 , 355 , 285
1.184198 , 356 , 286
1.185484 , 357 , 287
1.186721 , 358 , 288
1.187794 , 359 , 289
1.188871 , 360 , 290
1.189933 , 361 , 291
1.190997 , 362 , 292
1.192051 , 363 , 293
1.19311 , 364 , 294
1.194221 , 365 , 295
1.1953 , 366 , 296
1.196358 , 367 , 297
1.197412 , 368 , 298
1.198474 , 369 , 299
1.199579 , 370 , 300
1.200693 , 371 , 301
1.201775 , 372 , 302
1.202879 , 373 , 303
1.20394 , 374 , 304
1.205038 , 375 , 305
1.206197 , 376 , 306
1.207276 , 377 , 307
1.208385 , 378 , 308
1.209446 , 379 , 309
1.210508 , 380 , 310
1.211606 , 381 , 311
1.21266 , 382 , 312
1.213714 , 383 , 313
1.214843 , 384 , 314
1.215939 , 385 , 315
1.217001 , 386 , 316
1.218101 , 387 , 317
1.219206 , 388 , 318
1.220309 , 389 , 319
1.221366 , 390 , 320
1.222428 , 391 , 321
1.223522 , 392 , 322
1.22458 , 393 , 323
1.225634 , 394 , 324
1.226689 , 395 , 325
1.227777 , 396 , 326
1.228834 , 397 , 327
1.229934 , 398 , 328
1.231041 , 399 , 329
1.232108 , 400 , 330
1.233168 , 401 , 331
1.234225 , 402 , 332
1.235282 , 403 , 333
1.236345 , 404 , 334
1.2374 , 405 , 335
1.238457 , 406 , 336
1.239514 , 407 , 337
1.240604 , 408 , 338
1.241657 , 409 , 339
1.242714 , 410 , 340
1.243802 , 411 , 341
1.244861 , 412 , 342
1.245923 , 413 , 343
1.246983 , 414 , 344
1.248095 , 415 , 345
1.249188 , 416 , 346
1.250247 , 417 , 347
1.251307 , 418 , 348
1.252418 , 419 , 349
1.253547 , 420 , 350
1.254617 , 421 , 351
1.255674 , 422 , 352
1.256909 , 423 , 353
1.258098 , 424 , 354
1.259162 , 425 , 355
1.260263 , 426 , 356
1.261381 , 427 , 357
1.262459 , 428 , 358
1.263519 , 429 , 359
1.264582 , 430 , 360
1.265635 , 431 , 361
1.26669 , 432 , 362
1.267751 , 433 , 363
1.268861 , 434 , 364
1.269967 , 435 , 365
1.271058 , 436 , 366
1.272259 , 437 , 367
1.273471 , 438 , 368
1.274644 , 439 , 369
1.275901 , 440 , 370
1.277229 , 441 , 371
1.278396 , 442 , 372
1.279594 , 443 , 373
1.280784 , 444 , 374
1.281922 , 445 , 375
1.283006 , 446 , 376
1.284118 , 447 , 377
1.285252 , 448 , 378
1.286374 , 449 , 379
1.287437 , 450 , 380
1.288505 , 451 , 381
1.289578 , 450 , 380
1.290634 , 449 , 379
1.291737 , 448 , 378
1.292854 , 447 , 377
1.293919 , 446 , 376
1.294977 , 445 , 375
1.296029 , 444 , 374
1.29709 , 443 , 373
1.298204 , 442 , 372
1.299286 , 441 , 371
1.300403 , 440 , 370
1.301531 , 439 , 369
1.30263 , 438 , 368
1.303729 , 437 , 367
1.304804 , 436 , 366
1.305871 , 435 , 365
1.306935 , 434 , 364
1.308004 , 433 , 363
1.309073 , 432 , 362
1.31014 , 431 , 361
1.311196 , 430 , 360
1.312252 , 429 , 359
1.31331 , 428 , 358
1.314379 , 427 , 357
1.315441 , 426 , 356
1.316495 , 425 , 355
1.317556 , 424 , 354
1.318613 , 423 , 353
1.319665 , 422 , 352
1.320717 , 421 , 351
1.321772 , 420 , 350
1.322862 , 419 , 349
1.323916 , 418 , 348
1.324967 , 417 , 347
1.326026 , 416 , 346
1.327087 , 415 , 345
1.328141 , 414 , 344
1.329372 , 413 , 343
1.330548 , 412 , 342
1.33161 , 411 , 341
1.332673 , 410 , 340
1.33373 , 409 , 339
1.334789 , 408 , 338
1.335845 , 407 , 337
1.336901 , 406 , 336
1.337961 , 405 , 335
1.339062 , 404 , 334
1.340116 , 403 , 333
1.341168 , 402 , 332
1.342228 , 401 , 331
1.343287 , 400 , 330
1.344346 , 399 , 329
1.345465 , 398 , 328
1.346601 , 397 , 327
1.347714 , 396 , 326
1.348824 , 395 , 325
1.349911 , 394 , 324
1.351124 , 393 , 323
1.352233 , 392 , 322
1.353297 , 391 , 321
1.354354 , 390 , 320
1.355483 , 389 , 319
1.356644 , 388 , 318
1.357729 , 387 , 317
1.35882 , 386 , 316
1.359958 , 385 , 315
1.36105 , 384 , 314
1.362142 , 383 , 313
1.363247 , 382 , 312
1.364311 , 381 , 311
1.365362 , 380 , 310
1.36642 , 379 , 309
1.367482 , 378 , 308
1.368538 , 377 , 307
1.369594 , 376 , 306
1.370648 , 375 , 305
1.371708 , 374 , 304
1.372762 , 373 , 303
1.373824 , 372 , 302
1.374924 , 371 , 301
1.376003 , 370 , 300
1.377065 , 369 , 299
1.378149 , 368 , 298
1.37924 , 367 , 297
1.380313 , 366 , 296
1.381373 , 365 , 295
1.382432 , 364 , 294
1.383524 , 363 , 293
1.384589 , 362 , 292
1.385646 , 361 , 291
1.386705 , 360 , 290
1.387777 , 359 , 289
1.388849 , 358 , 288
1.389912 , 357 , 287
1.390972 , 356 , 286
1.39203 , 355 , 285
1.39309 , 354 , 284
1.394234 , 353 , 283
1.395316 , 352 , 282
1.396383 , 351 , 281
1.397444 , 350 , 280
1.398506 , 349 , 279
1.399572 , 350 , 280
1.400812 , 351 , 281
1.401998 , 352 , 282
1.403061 , 353 , 283
1.404192 , 354 , 284
1.405253 , 355 , 285
1.406302 , 356 , 286
1.407357 , 357 , 287
1.408481 , 358 , 288
1.40966 , 359 , 289
1.410787 , 360 , 290
1.411876 , 361 , 291
1.412938 , 362 , 292
1.414025 , 363 , 293
1.415121 , 364 , 294
1.416185 , 365 , 295
1.417248 , 366 , 296
1.418305 , 367 , 297
1.419418 , 368 , 298
1.420543 , 369 , 299
1.42186 , 370 , 300
1.423 , 371 , 301
1.424107 , 372 , 302
1.425256 , 373 , 303
1.42638 , 374 , 304
1.42749 , 375 , 305
1.428608 , 376 , 306
1.42976 , 377 , 307
1.430877 , 378 , 308
1.431986 , 379 , 309
1.433106 , 380 , 310
1.43426 , 381 , 311
1.435406 , 382 , 312
1.436538 , 383 , 313
1.437643 , 384 , 314
1.438778 , 385 , 315
1.439889 , 386 , 316
1.441002 , 387 , 317
1.442155 , 388 , 318
1.443312 , 389 , 319
1.444456 , 390 , 320
1.445575 , 391 , 321
1.446762 , 392 , 322
1.447918 , 393 , 323
1.449057 , 394 , 324
1.450172 , 395 , 325
1.451319 , 396 , 326
1.452449 , 397 , 327
1.453551 , 398 , 328
1.454674 , 399 , 329
1.455828 , 400 , 330
1.457048 , 401 , 331
1.458171 , 402 , 332
1.45938 , 403 , 333
1.460767 , 404 , 334
1.461923 , 405 , 335
1.463048 , 406 , 336
1.464189 , 407 , 337
1.465334 , 408 , 338
1.466465 , 409 , 339
1.46757 , 410 , 340
1.468729 , 411 , 341
1.469862 , 412 , 342
1.470981 , 413 , 343
1.472104 , 414 , 344
1.473221 , 415 , 345
1.474332 , 416 , 346
1.475461 , 417 , 347
1.476788 , 418 , 348
1.478039 , 419 , 349
1.479148 , 420 , 350
1.480252 , 421 , 351
1.481384 , 422 , 352
1.48254 , 423 , 353
1.483664 , 424 , 354
1.484784 , 425 , 355
1.485887 , 426 , 356
1.48702 , 427 , 357
1.488143 , 428 , 358
1.489268 , 429 , 359
1.490401 , 430 , 360
1.491581 , 431 , 361
1.492718 , 432 , 362
1.493826 , 433 , 363
1.49499 , 434 , 364
1.496067 , 435 , 365
1.497122 , 436 , 366
1.498178 , 437 , 367
1.499237 , 438 , 368
1.500291 , 439 , 369
1.501348 , 440 , 370
1.502406 , 441 , 371
1.503473 , 442 , 372
1.504529 , 443 , 373
1.505591 , 444 , 374
1.506701 , 445 , 375
1.507815 , 446 , 376
1.508879 , 447 , 377
1.509942 , 448 , 378
1.511035 , 449 , 379
1.512093 , 450 , 380
1.513146 , 451 , 381
1.5142 , 450 , 380
1.515273 , 449 , 379
1.51633 , 448 , 378
1.517384 , 447 , 377
1.518435 , 446 , 376
1.519497 , 445 , 375
1.520551 , 444 , 374
1.521606 , 443 , 373
1.522662 , 442 , 372
1.523722 , 441 , 371
1.524777 , 440 , 370
1.525836 , 439 , 369
1.526891 , 438 , 368
1.527951 , 437 , 367
1.529003 , 436 , 366
1.530059 , 435 , 365
1.531117 , 434 , 364
1.532201 , 433 , 363
1.533252 , 432 , 362
1.534306 , 431 , 361
1.535403 , 430 , 360
1.536452 , 429 , 359
1.537511 , 428 , 358
1.538616 , 427 , 357
1.539734 , 426 , 356
1.540798 , 425 , 355
1.541886 , 424 , 354
1.543025 , 423 , 353
1.544193 , 422 , 352
1.545256 , 421 , 351
1.546311 , 420 , 350
1.547369 , 419 , 349
1.54861 , 418 , 348
1.549816 , 417 , 347
1.550896 , 416 , 346
1.551962 , 415 , 345
1.55305 , 414 , 344
1.554113 , 413 , 343
1.555176 , 412 , 342
1.556252 , 411 , 341
1.557351 , 410 , 340
1.558429 , 409 , 339
1.559504 , 408 , 338
1.560608 , 407 , 337
1.561725 , 406 , 336
1.563076 , 405 , 335
1.564142 , 404 , 334
1.56523 , 403 , 333
1.566304 , 402 , 332
1.567393 , 401 , 331
1.56852 , 400 , 330
1.569681 , 399 , 329
1.570803 , 398 , 328
1.571869 , 397 , 327
1.573025 , 396 , 326
1.574103 , 395 , 325
1.575199 , 394 , 324
1.576311 , 393 , 323
1.577387 , 392 , 322
1.578466 , 391 , 321
1.579523 , 390 , 320
1.580588 , 389 , 319
1.581722 , 388 , 318
1.582809 , 387 , 317
1.583883 , 386 , 316
1.584974 , 385 , 315
1.586095 , 384 , 314
1.5872 , 383 , 313
1.58869 , 382 , 312
1.58983 , 381 , 311
1.590937 , 380 , 310
1.592073 , 379 , 309
1.593222 , 378 , 308
1.5944 , 377 , 307
1.595542 , 376 , 306
1.597094 , 375 , 305
1.598161 , 374 , 304
1.599238 , 373 , 303
1.600353 , 372 , 302
1.601456 , 371 , 301
1.602571 , 370 , 300
1.603798 , 369 , 299
1.604924 , 368 , 298
1.606044 , 367 , 297
1.607209 , 366 , 296
1.608388 , 365 , 295
1.609501 , 364 , 294
1.610611 , 363 , 293
1.611735 , 362 , 292
1.612885 , 361 , 291
1.61403 , 360 , 290
1.615142 , 359 , 289
1.616274 , 358 , 288
1.617394 , 357 , 287
1.618524 , 356 , 286
1.619641 , 355 , 285
1.620887 , 354 , 284
1.622056 , 353 , 283
1.62335 , 352 , 282
1.624653 , 351 , 281
1.625839 , 350 , 280
1.626976 , 349 , 279
1.628091 , 350 , 280
1.629196 , 351 , 281
1.630362 , 352 , 282
1.63148 , 353 , 283
1.632591 , 354 , 284
1.633789 , 355 , 285
1.635035 , 356 , 286
1.636149 , 357 , 287
1.637256 , 358 , 288
1.638413 , 359 , 289
1.639553 , 360 , 290
1.640681 , 361 , 291
1.641798 , 362 , 292
1.642986 , 363 , 293
1.64413 , 364 , 294
1.645254 , 365 , 295
1.646436 , 366 , 296
1.647625 , 367 , 297
1.648737 , 368 , 298
1.649855 , 369 , 299
1.651072 , 370 , 300
1.652343 , 371 , 301
1.653459 , 372 , 302
1.654562 , 373 , 303
1.655681 , 374 , 304
1.656802 , 375 , 305
1.657919 , 376 , 306
1.659033 , 377 , 307
1.660172 , 378 , 308
1.661274 , 379 , 309
1.662378 , 380 , 310
1.663482 , 381 , 311
1.664619 , 382 , 312
1.665756 , 383 , 313
1.666899 , 384 , 314
1.668073 , 385 , 315
1.66927 , 386 , 316
1.670392 , 387 , 317
1.671538 , 388 , 318
1.672677 , 389 , 319
1.673834 , 390 , 320
1.675009 , 391 , 321
1.676131 , 392 , 322
1.677264 , 393 , 323
1.678414 , 394 , 324
1.679548 , 395 , 325
1.68066 , 396 , 326
1.681841 , 397 , 327
1.683122 , 398 , 328
1.684351 , 399 , 329
1.685588 , 400 , 330
1.686822 , 401 , 331
1.687963 , 402 , 332
1.689091 , 403 , 333
1.690223 , 404 , 334
1.691369 , 405 , 335
1.692507 , 406 , 336
1.693647 , 407 , 337
1.694787 , 408 , 338
1.696126 , 409 , 339
1.697323 , 410 , 340
1.698537 , 411 , 341
1.699769 , 412 , 342
1.701178 , 413 , 343
1.702357 , 414 , 344
1.703485 , 415 , 345
1.704605 , 416 , 346
1.705725 , 417 , 347
1.706941 , 418 , 348
1.7081 , 419 , 349
1.709211 , 420 , 350
1.710385 , 421 , 351
1.71154 , 422 , 352
1.71268 , 423 , 353
1.713848 , 424 , 354
1.714964 , 425 , 355
1.716088 , 426 , 356
1.717208 , 427 , 357
1.718373 , 428 , 358
1.719534 , 429 , 359
1.720677 , 430 , 360
1.721798 , 431 , 361
1.722962 , 432 , 362
1.724082 , 433 , 363
1.725185 , 434 , 364
1.726307 , 435 , 365
1.727441 , 436 , 366
1.728548 , 437 , 367
1.729652 , 438 , 368
1.730767 , 439 , 369
1.73188 , 440 , 370
1.73299 , 441 , 371
1.734118 , 442 , 372
1.735227 , 443 , 373
1.73634 , 444 , 374
1.737459 , 445 , 375
1.738575 , 446 , 376
1.739701 , 447 , 377
1.740818 , 448 , 378
1.741916 , 449 , 379
1.743027 , 450 , 380
1.744164 , 451 , 381
1.745324 , 450 , 380
1.746496 , 449 , 379
1.747601 , 448 , 378
1.748738 , 447 , 377
1.749855 , 446 , 376
1.751024 , 445 , 375
1.752273 , 444 , 374
1.753462 , 443 , 373
1.754584 , 442 , 372
1.755723 , 441 , 371
1.756977 , 440 , 370
1.758265 , 439 , 369
1.759402 , 438 , 368
1.760532 , 437 , 367
1.76165 , 436 , 366
1.762815 , 435 , 365
1.763981 , 434 , 364
1.765113 , 433 , 363
1.766318 , 432 , 362
1.767543 , 431 , 361
1.768663 , 430 , 360
1.769791 , 429 , 359
1.770902 , 428 , 358
1.772019 , 427 , 357
1.773257 , 426 , 356
1.774547 , 425 , 355
1.775789 , 424 , 354
1.777293 , 423 , 353
1.778618 , 422 , 352
1.779941 , 421 , 351
1.781156 , 420 , 350
1.782339 , 419 , 349
1.783454 , 418 , 348
1.784577 , 417 , 347
1.78576 , 416 , 346
1.786979 , 415 , 345
1.788165 , 414 , 344
1.789405 , 413 , 343
1.790668 , 412 , 342
1.79192 , 411 , 341
1.793096 , 410 , 340
1.79422 , 409 , 339
1.795356 , 408 , 338
1.79654 , 407 , 337
1.797722 , 406 , 336
1.798868 , 405 , 335
1.799985 , 404 , 334
1.801104 , 403 , 333
1.802243 , 402 , 332
1.803456 , 401 , 331
1.804654 , 400 , 330
1.805795 , 399 , 329
1.806922 , 398 , 328
1.808036 , 397 , 327
1.809152 , 396 , 326
1.810289 , 395 , 325
1.811447 , 394 , 324
1.812572 , 393 , 323
1.813672 , 392 , 322
1.814784 , 391 , 321
1.816091 , 390 , 320
1.817233 , 389 , 319
1.818372 , 388 , 318
1.819509 , 387 , 317
1.820713 , 386 , 316
1.821965 , 385 , 315
1.823167 , 384 , 314
1.824378 , 383 , 313
1.82575 , 382 , 312
1.827017 , 381 , 311
1.828293 , 380 , 310
1.829517 , 379 , 309
1.83073 , 378 , 308
1.831912 , 377 , 307
1.833077 , 376 , 306
1.834244 , 375 , 305
1.835357 , 374 , 304
1.836473 , 373 , 303
1.837616 , 372 , 302
1.838761 , 371 , 301
1.8399 , 370 , 300
1.841093 , 369 , 299
1.84227 , 368 , 298
1.84347 , 367 , 297
1.8447 , 366 , 296
1.845896 , 365 , 295
1.847046 , 364 , 294
1.848155 , 363 , 293
1.849275 , 362 , 292
1.850704 , 361 , 291
1.851896 , 360 , 290
1.853057 , 359 , 289
1.854183 , 358 , 288
1.855529 , 357 , 287
1.856766 , 356 , 286
1.857899 , 355 , 285
1.859054 , 354 , 284
1.8602 , 353 , 283
1.861303 , 352 , 282
1.862403 , 351 , 281
1.863533 , 350 , 280
1.864667 , 349 , 279
1.865791 , 350 , 280
1.866924 , 351 , 281
1.868028 , 352 , 282
1.86916 , 353 , 283
1.870286 , 354 , 284
1.871476 , 355 , 285
1.872654 , 356 , 286
1.873783 , 357 , 287
1.874902 , 358 , 288
1.876021 , 359 , 289
1.877179 , 360 , 290
1.878306 , 361 , 291
1.879514 , 362 , 292
1.880732 , 363 , 293
1.881872 , 364 , 294
1.882987 , 365 , 295
1.884097 , 366 , 296
1.885236 , 367 , 297
1.886392 , 368 , 298
1.887508 , 369 , 299
1.888636 , 370 , 300
1.889762 , 371 , 301
1.890885 , 372 , 302
1.892012 , 373 , 303
1.893121 , 374 , 304
1.894239 , 375 , 305
1.895374 , 376 , 306
1.896498 , 377 , 307
1.897601 , 378 , 308
1.898762 , 379 , 309
1.899911 , 380 , 310
1.901045 , 381 , 311
1.902195 , 382 , 312
1.903388 , 383 , 313
1.904525 , 384 , 314
1.905656 , 385 , 315
1.906785 , 386 , 316
1.907911 , 387 , 317
1.909023 , 388 , 318
1.910142 , 389 , 319
1.911276 , 390 , 320
1.912438 , 391 , 321
1.913558 , 392 , 322
1.914686 , 393 , 323
1.915798 , 394 , 324
1.916916 , 395 , 325
1.918037 , 396 , 326
1.919164 , 397 , 327
1.920326 , 398 , 328
1.921505 , 399 , 329
1.922648 , 400 , 330
1.923759 , 401 , 331
1.924948 , 402 , 332
1.926138 , 403 , 333
1.927258 , 404 , 334
1.928372 , 405 , 335
1.929522 , 406 , 336
1.930822 , 407 , 337
1.932073 , 408 , 338
1.933203 , 409 , 339
1.934339 , 410 , 340
1.93545 , 411 , 341
1.936563 , 412 , 342
1.937684 , 413 , 343
1.9388 , 414 , 344
1.939924 , 415 , 345
1.941039 , 416 , 346
1.942158 , 417 , 347
1.943282 , 418 , 348
1.9444 , 419 , 349
1.945512 , 420 , 350
1.946616 , 421 , 351
1.947733 , 422 , 352
1.948851 , 423 , 353
1.949961 , 424 , 354
1.951093 , 425 , 355
1.952296 , 426 , 356
1.953482 , 427 , 357
1.954672 , 428 , 358
1.955933 , 429 , 359
1.957108 , 430 , 360
1.958298 , 431 , 361
1.959588 , 432 , 362
1.96068 , 433 , 363
1.961812 , 434 , 364
1.962942 , 435 , 365
1.964014 , 436 , 366
1.965088 , 437 , 367
1.966151 , 438 , 368
1.967208 , 439 , 369
1.968267 , 440 , 370
1.969327 , 441 , 371
1.97038 , 442 , 372
1.971434 , 443 , 373
1.972498 , 444 , 374
1.973556 , 445 , 375
1.974612 , 446 , 376
1.975671 , 447 , 377
1.976731 , 448 , 378
1.977785 , 449 , 379
1.978847 , 450 , 380
1.979922 , 451 , 381
1.981017 , 450 , 380
1.982074 , 449 , 379
1.983135 , 448 , 378
1.9842 , 447 , 377
1.985284 , 446 , 376
1.986378 , 445 , 375
1.987436 , 444 , 374
1.988505 , 443 , 373
1.989559 , 442 , 372
1.990616 , 441 , 371
1.991699 , 440 , 370
1.992804 , 439 , 369
1.99387 , 438 , 368
1.994925 , 437 , 367
1.995984 , 436 , 366
1.997047 , 435 , 365
1.998107 , 434 , 364
1.999164 , 433 , 363
2.000278 , 432 , 362
2.001374 , 431 , 361
2.002471 , 430 , 360
2.003743 , 429 , 359
2.005004 , 428 , 358
2.006069 , 427 , 357
2.007129 , 426 , 356
2.008194 , 425 , 355
2.009303 , 424 , 354
2.010364 , 423 , 353
2.011475 , 422 , 352
2.01259 , 421 , 351
2.013666 , 420 , 350
2.014735 , 419 , 349
2.015785 , 418 , 348
2.016841 , 417 , 347
2.017904 , 416 , 346
2.018958 , 415 , 345
2.020014 , 414 , 344
2.021074 , 413 , 343
2.022138 , 412 , 342
2.023195 , 411 , 341
2.024248 , 410 , 340
2.025311 , 409 , 339
2.026366 , 408 , 338
2.027423 , 407 , 337
2.028479 , 406 , 336
2.029571 , 405 , 335
2.030625 , 404 , 334
2.03168 , 403 , 333
2.032735 , 402 , 332
2.033793 , 401 , 331
2.034847 , 400 , 330
2.035896 , 399 , 329
2.036984 , 398 , 328
2.038045 , 397 , 327
2.039102 , 396 , 326
2.040162 , 395 , 325
2.041222 , 394 , 324
2.042279 , 393 , 323
2.04333 , 392 , 322
2.044382 , 391 , 321
2.045484 , 390 , 320
2.046596 , 389 , 319
2.047693 , 388 , 318
2.048799 , 387 , 317
2.049884 , 386 , 316
2.050944 , 385 , 315
2.052002 , 384 , 314
2.053059 , 383 , 313
2.054152 , 382 , 312
2.055205 , 381 , 311
2.056261 , 380 , 310
2.057359 , 379 , 309
2.058418 , 378 , 308
2.059472 , 377 , 307
2.060527 , 376 , 306
2.061598 , 375 , 305
2.062662 , 374 , 304
2.063723 , 373 , 303
2.064773 , 372 , 302
2.065837 , 371 , 301
2.066895 , 370 , 300
2.067947 , 369 , 299
2.069041 , 368 , 298
2.070201 , 367 , 297
2.071266 , 366 , 296
2.072324 , 365 , 295
2.073386 , 364 , 294
2.074448 , 363 , 293
2.075689 , 362 , 292
2.076852 , 361 , 291
2.077911 , 360 , 290
2.078972 , 359 , 289
2.080034 , 358 , 288
2.081135 , 357 , 287
2.082293 , 356 , 286
2.083354 , 355 , 285
2.084412 , 354 , 284
2.085472 , 353 , 283
2.086594 , 352 , 282
2.087654 , 351 , 281
2.088709 , 350 , 280
2.089762 , 349 , 279
2.090826 , 350 , 280
2.091883 , 351 , 281
2.09294 , 352 , 282
2.094048 , 353 , 283
2.095172 , 354 , 284
2.096251 , 355 , 285
2.097332 , 356 , 286
2.098442 , 357 , 287
2.099507 , 358 , 288
2.100583 , 359 , 289
2.101666 , 360 , 290
2.102727 , 361 , 291
2.10378 , 362 , 292
2.104868 , 363 , 293
2.105964 , 364 , 294
2.107026 , 365 , 295
2.10808 , 366 , 296
2.109134 , 367 , 297
2.110193 , 368 , 298
2.111291 , 369 , 299
2.112359 , 370 , 300
2.113429 , 371 , 301
2.114528 , 372 , 302
2.115592 , 373 , 303
2.116645 , 374 , 304
2.117702 , 375 , 305
2.118805 , 376 , 306
2.11988 , 377 , 307
2.120954 , 378 , 308
2.122029 , 379 , 309
2.12313 , 380 , 310
2.124217 , 381 , 311
2.125278 , 382 , 312
2.126339 , 383 , 313
2.127453 , 384 , 314
2.128525 , 385 , 315
2.129608 , 386 , 316
2.130673 , 387 , 317
2.131806 , 388 , 318
2.132925 , 389 , 319
2.134265 , 390 , 320
2.135383 , 391 , 321
2.136489 , 392 , 322
2.137563 , 393 , 323
2.138633 , 394 , 324
2.139765 , 395 , 325
2.140868 , 396 , 326
2.142216 , 397 , 327
2.143272 , 398 , 328
2.144407 , 399 , 329
2.145573 , 400 , 330
2.146698 , 401 , 331
2.147981 , 402 , 332
2.149233 , 403 , 333
2.150345 , 404 , 334
2.151464 , 405 , 335
2.15272 , 406 , 336
2.15384 , 407 , 337
2.155065 , 408 , 338
2.156206 , 409 , 339
2.157346 , 410 , 340
2.158453 , 411 , 341
2.159579 , 412 , 342
2.160684 , 413 , 343
2.161819 , 414 , 344
2.162933 , 415 , 345
2.164052 , 416 , 346
2.165174 , 417 , 347
2.166348 , 418 , 348
2.167516 , 419 , 349
2.168641 , 420 , 350
2.169764 , 421 , 351
2.170882 , 422 , 352
2.17203 , 423 , 353
2.173157 , 424 , 354
2.174266 , 425 , 355
2.175368 , 426 , 356
2.176491 , 427 , 357
2.177621 , 428 , 358
2.178748 , 429 , 359
2.179943 , 430 , 360
2.181397 , 431 , 361
2.182634 , 432 , 362
2.183775 , 433 , 363
2.184898 , 434 , 364
2.18603 , 435 , 365
2.187166 , 436 , 366
2.188296 , 437 , 367
2.189393 , 438 , 368
2.190493 , 439 , 369
2.191696 , 440 , 370
2.192846 , 441 , 371
2.193979 , 442 , 372
2.195088 , 443 , 373
2.196224 , 444 , 374
2.197397 , 445 , 375
2.198538 , 446 , 376
2.199665 , 447 , 377
2.200955 , 448 , 378
2.202207 , 449 , 379
2.203348 , 450 , 380
2.204608 , 451 , 381
2.205861 , 450 , 380
2.206984 , 449 , 379
2.208118 , 448 , 378
2.209261 , 447 , 377
2.210391 , 446 , 376
2.211503 , 445 , 375
2.212644 , 444 , 374
2.213756 , 443 , 373
2.214881 , 442 , 372
2.215997 , 441 , 371
2.217129 , 440 , 370
2.218254 , 439 , 369
2.219384 , 438 , 368
2.220507 , 437 , 367
2.221612 , 436 , 366
2.222725 , 435 , 365
2.224064 , 434 , 364
2.225315 , 433 , 363
2.226449 , 432 , 362
2.227618 , 431 , 361
2.228735 , 430 , 360
2.229855 , 429 , 359
2.230996 , 428 , 358
2.232116 , 427 , 357
2.233245 , 426 , 356
2.234372 , 425 , 355
2.235543 , 424 , 354
2.236648 , 423 , 353
2.237766 , 422 , 352
2.238894 , 421 , 351
2.240057 , 420 , 350
2.24119 , 419 , 349
2.242374 , 418 , 348
2.243558 , 417 , 347
2.244723 , 416 , 346
2.246047 , 415 , 345
2.24737 , 414 , 344
2.248739 , 413 , 343
2.250112 , 412 , 342
2.25126 , 411 , 341
2.252379 , 410 , 340
2.253548 , 409 , 339
2.254683 , 408 , 338
2.255814 , 407 , 337
2.257029 , 406 , 336
2.25828 , 405 , 335
2.259528 , 404 , 334
2.260676 , 403 , 333
2.261806 , 402 , 332
2.262933 , 401 , 331
2.264081 , 400 , 330
2.265191 , 399 , 329
2.266342 , 398 , 328
2.267474 , 397 , 327
2.268654 , 396 , 326
2.269784 , 395 , 325
2.270899 , 394 , 324
2.272027 , 393 , 323
2.273147 , 392 , 322
2.274257 , 391 , 321
2.275381 , 390 , 320
2.276537 , 389 , 319
2.277642 , 388 , 318
2.278755 , 387 , 317
2.279869 , 386 , 316
2.280987 , 385 , 315
2.282104 , 384 , 314
2.283236 , 383 , 313
2.28435 , 382 , 312
2.285474 , 381 , 311
2.28659 , 380 , 310
2.287747 , 379 , 309
2.288928 , 378 , 308
2.290054 , 377 , 307
2.291176 , 376 , 306
2.292308 , 375 , 305
2.293624 , 374 , 304
2.29511 , 373 , 303
2.296256 , 372 , 302
2.297378 , 371 , 301
2.29852 , 370 , 300
2.299634 , 369 , 299
2.300751 , 368 , 298
2.301897 , 367 , 297
2.303026 , 366 , 296
2.304131 , 365 , 295
2.305234 , 364 , 294
2.306346 , 363 , 293
2.307462 , 362 , 292
2.308585 , 361 , 291
2.309764 , 360 , 290
2.310892 , 359 , 289
2.312034 , 358 , 288
2.313139 , 357 , 287
2.314247 , 356 , 286
2.31536 , 355 , 285
2.316637 , 354 , 284
2.31776 , 353 , 283
2.31887 , 352 , 282
2.31998 , 351 , 281
2.321126 , 350 , 280
2.322248 , 349 , 279
2.323364 , 350 , 280
2.324488 , 351 , 281
2.325591 , 352 , 282
2.326695 , 353 , 283
2.327826 , 354 , 284
2.328965 , 355 , 285
2.330066 , 356 , 286
2.331198 , 357 , 287
2.332323 , 358 , 288
2.333445 , 359 , 289
2.33457 , 360 , 290
2.335691 , 361 , 291
2.336803 , 362 , 292
2.337928 , 363 , 293
2.339041 , 364 , 294
2.340159 , 365 , 295
2.341278 , 366 , 296
2.342412 , 367 , 297
2.343645 , 368 , 298
2.344791 , 369 , 299
2.345951 , 370 , 300
2.347078 , 371 , 301
2.348193 , 372 , 302
2.349335 , 373 , 303
2.350493 , 374 , 304
2.351611 , 375 , 305
2.352735 , 376 , 306
2.353862 , 377 , 307
2.354975 , 378 , 308
2.356091 , 379 , 309
2.357206 , 380 , 310
2.358311 , 381 , 311
2.35944 , 382 , 312
2.36056 , 383 , 313
2.361679 , 384 , 314
2.362792 , 385 , 315
2.363896 , 386 , 316
2.365017 , 387 , 317
2.366119 , 388 , 318
2.367239 , 389 , 319
2.368391 , 390 , 320
2.369684 , 391 , 321
2.370932 , 392 , 322
2.372068 , 393 , 323
2.373185 , 394 , 324
2.374316 , 395 , 325
2.37545 , 396 , 326
2.376584 , 397 , 327
2.377731 , 398 , 328
2.378887 , 399 , 329
2.380004 , 400 , 330
2.381139 , 401 , 331
2.382265 , 402 , 332
2.383374 , 403 , 333
2.384491 , 404 , 334
2.385606 , 405 , 335
2.386734 , 406 , 336
2.387849 , 407 , 337
2.388964 , 408 , 338
2.390096 , 409 , 339
2.391204 , 410 , 340
2.392318 , 411 , 341
2.393478 , 412 , 342
2.39464 , 413 , 343
2.395767 , 414 , 344
2.396873 , 415 , 345
2.398014 , 416 , 346
2.399141 , 417 , 347
2.400265 , 418 , 348
2.401381 , 419 , 349
2.402507 , 420 , 350
2.40363 , 421 , 351
2.404742 , 422 , 352
2.405857 , 423 , 353
2.40698 , 424 , 354
2.408111 , 425 , 355
2.409225 , 426 , 356
2.410326 , 427 , 357
2.411435 , 428 , 358
2.4126 , 429 , 359
2.413753 , 430 , 360
2.414874 , 431 , 361
2.415988 , 432 , 362
2.417108 , 433 , 363
2.418219 , 434 , 364
2.419349 , 435 , 365
2.420578 , 436 , 366
2.421702 , 437 , 367
2.422817 , 438 , 368
2.423934 , 439 , 369
2.425042 , 440 , 370
2.426169 , 441 , 371
2.427284 , 442 , 372
2.428425 , 443 , 373
2.429538 , 444 , 374
2.430647 , 445 , 375
2.431763 , 446 , 376
2.432907 , 447 , 377
2.434031 , 448 , 378
2.435136 , 449 , 379
2.436233 , 450 , 380
2.437363 , 451 , 381
2.438483 , 450 , 380
2.439617 , 449 , 379
2.440736 , 448 , 378
2.441858 , 447 , 377
2.442958 , 446 , 376
2.444271 , 445 , 375
2.445558 , 444 , 374
2.44676 , 443 , 373
2.447872 , 442 , 372
2.448983 , 441 , 371
2.450233 , 440 , 370
2.451508 , 439 , 369
2.452711 , 438 , 368
2.453857 , 437 , 367
2.454973 , 436 , 366
2.456082 , 435 , 365
2.45721 , 434 , 364
2.458315 , 433 , 363
2.459447 , 432 , 362
2.46058 , 431 , 361
2.46169 , 430 , 360
2.462799 , 429 , 359
2.463928 , 428 , 358
2.465045 , 427 , 357
2.466186 , 426 , 356
2.46735 , 425 , 355
2.468485 , 424 , 354
2.469591 , 423 , 353
2.470696 , 422 , 352
2.471858 , 421 , 351
2.472983 , 420 , 350
2.474085 , 419 , 349
2.475195 , 418 , 348
2.476383 , 417 , 347
2.477508 , 416 , 346
2.478639 , 415 , 345
2.479752 , 414 , 344
2.480877 , 413 , 343
2.481981 , 412 , 342
2.483105 , 411 , 341
2.484214 , 410 , 340
2.485348 , 409 , 339
2.486468 , 408 , 338
2.487576 , 407 , 337
2.488689 , 406 , 336
2.489797 , 405 , 335
2.4909 , 404 , 334
2.49202 , 403 , 333
2.493136 , 402 , 332
2.494325 , 401 , 331
2.495505 , 400 , 330
2.496578 , 399 , 329
2.497688 , 398 , 328
2.498748 , 397 , 327
2.499804 , 396 , 326
2.500863 , 395 , 325
2.50193 , 394 , 324
2.50305 , 393 , 323
2.504125 , 392 , 322
2.50518 , 391 , 321
2.506239 , 390 , 320
2.507298 , 389 , 319
2.50836 , 388 , 318
2.509413 , 387 , 317
2.510505 , 386 , 316
2.511563 , 385 , 315
2.512617 , 384 , 314
2.513671 , 383 , 313
2.514727 , 382 , 312
2.515783 , 381 , 311
2.516836 , 380 , 310
2.517927 , 379 , 309
2.51919 , 378 , 308
2.520316 , 377 , 307
2.521373 , 376 , 306
2.522445 , 375 , 305
2.523515 , 374 , 304
2.524569 , 373 , 303
2.52562 , 372 , 302
2.526715 , 371 , 301
2.527767 , 370 , 300
2.528822 , 369 , 299
2.529878 , 368 , 298
2.530988 , 367 , 297
2.532043 , 366 , 296
2.533097 , 365 , 295
2.534158 , 364 , 294
2.535221 , 363 , 293
2.536315 , 362 , 292
2.537426 , 361 , 291
2.53849 , 360 , 290
2.539579 , 359 , 289
2.540674 , 358 , 288
2.541733 , 357 , 287
2.542913 , 356 , 286
2.544066 , 355 , 285
2.54525 , 354 , 284
2.546344 , 353 , 283
2.547443 , 352 , 282
2.548502 , 351 , 281
2.549559 , 350 , 280
2.550619 , 349 , 279
2.551685 , 350 , 280
2.552742 , 351 , 281
2.553797 , 352 , 282
2.554893 , 353 , 283
2.555947 , 354 , 284
2.557007 , 355 , 285
2.558066 , 356 , 286
2.559131 , 357 , 287
2.560184 , 358 , 288
2.561236 , 359 , 289
2.562284 , 360 , 290
2.563345 , 361 , 291
2.564436 , 362 , 292
2.56556 , 363 , 293
2.566646 , 364 , 294
2.56778 , 365 , 295
2.568879 , 366 , 296
2.569966 , 367 , 297
2.571064 , 368 , 298
2.572127 , 369 , 299
2.573186 , 370 , 300
2.574249 , 371 , 301
2.575316 , 372 , 302
2.576404 , 373 , 303
2.577469 , 374 , 304
2.578526 , 375 , 305
2.57959 , 376 , 306
2.58065 , 377 , 307
2.581707 , 378 , 308
2.582764 , 379 , 309
2.583849 , 380 , 310
2.584898 , 381 , 311
2.58595 , 382 , 312
2.587007 , 383 , 313
2.588082 , 384 , 314
2.589175 , 385 , 315
2.590426 , 386 , 316
2.591679 , 387 , 317
2.592754 , 388 , 318
2.593859 , 389 , 319
2.594929 , 390 , 320
2.595996 , 391 , 321
2.597051 , 392 , 322
2.598107 , 393 , 323
2.599165 , 394 , 324
2.600224 , 395 , 325
2.601282 , 396 , 326
2.602337 , 397 , 327
2.603447 , 398 , 328
2.604582 , 399 , 329
2.605645 , 400 , 330
2.606706 , 401 , 331
2.607799 , 402 , 332
2.608855 , 403 , 333
2.60991 , 404 , 334
2.610962 , 405 , 335
2.612017 , 406 , 336
2.613075 , 407 , 337
2.614129 , 408 , 338
2.61518 , 409 , 339
2.616237 , 410 , 340
2.617291 , 411 , 341
2.618346 , 412 , 342
2.619407 , 413 , 343
2.620468 , 414 , 344
2.621525 , 415 , 345
2.622589 , 416 , 346
2.623643 , 417 , 347
2.624727 , 418 , 348
2.625785 , 419 , 349
2.626838 , 420 , 350
2.627922 , 421 , 351
2.628975 , 422 , 352
2.63003 , 423 , 353
2.631084 , 424 , 354
2.632157 , 425 , 355
2.633212 , 426 , 356
2.634267 , 427 , 357
2.63532 , 428 , 358
2.63638 , 429 , 359
2.637445 , 430 , 360
2.638528 , 431 , 361
2.639616 , 432 , 362
2.640682 , 433 , 363
2.641737 , 434 , 364
2.64279 , 435 , 365
2.643843 , 436 , 366
2.644941 , 437 , 367
2.645998 , 438 , 368
2.647054 , 439 , 369
2.648108 , 440 , 370
2.649171 , 441 , 371
2.650224 , 442 , 372
2.651279 , 443 , 373
2.652396 , 444 , 374
2.653454 , 445 , 375
2.654551 , 446 , 376
2.65567 , 447 , 377
2.656736 , 448 , 378
2.657802 , 449 , 379
2.658876 , 450 , 380
2.659937 , 451 , 381
2.661171 , 450 , 380
2.662362 , 449 , 379
2.66342 , 448 , 378
2.664502 , 447 , 377
2.665567 , 446 , 376
2.666622 , 445 , 375
2.667681 , 444 , 374
2.668745 , 443 , 373
2.669809 , 442 , 372
2.670866 , 441 , 371
2.671924 , 440 , 370
2.672984 , 439 , 369
2.674038 , 438 , 368
2.675092 , 437 , 367
2.676148 , 436 , 366
2.677209 , 435 , 365
2.678266 , 434 , 364
2.67932 , 433 , 363
2.680376 , 432 , 362
2.681462 , 431 , 361
2.682513 , 430 , 360
2.683563 , 429 , 359
2.684615 , 428 , 358
2.685698 , 427 , 357
2.686794 , 426 , 356
2.687864 , 425 , 355
2.688941 , 424 , 354
2.690102 , 423 , 353
2.691257 , 422 , 352
2.69231 , 421 , 351
2.693373 , 420 , 350
2.694438 , 419 , 349
2.695494 , 418 , 348
2.696546 , 417 , 347
2.697642 , 416 , 346
2.6987 , 415 , 345
2.699751 , 414 , 344
2.700806 , 413 , 343
2.701865 , 412 , 342
2.702922 , 411 , 341
2.703979 , 410 , 340
2.705064 , 409 , 339
2.706126 , 408 , 338
2.707183 , 407 , 337
2.708236 , 406 , 336
2.709294 , 405 , 335
2.710349 , 404 , 334
2.711404 , 403 , 333
2.712458 , 402 , 332
2.713517 , 401 , 331
2.71457 , 400 , 330
2.715622 , 399 , 329
2.716742 , 398 , 328
2.717831 , 397 , 327
2.718908 , 396 , 326
2.719995 , 395 , 325
2.721065 , 394 , 324
2.722132 , 393 , 323
2.723188 , 392 , 322
2.724242 , 391 , 321
2.725298 , 390 , 320
2.726357 , 389 , 319
2.72741 , 388 , 318
2.728462 , 387 , 317
2.729518 , 386 , 316
2.730607 , 385 , 315
2.731833 , 384 , 314
2.733128 , 383 , 313
2.734235 , 382 , 312
2.735343 , 381 , 311
2.736416 , 380 , 310
2.737474 , 379 , 309
2.738566 , 378 , 308
2.739624 , 377 , 307
2.740739 , 376 , 306
2.742051 , 375 , 305
2.743191 , 374 , 304
2.744395 , 373 , 303
2.745544 , 372 , 302
2.746671 , 371 , 301
2.747817 , 370 , 300
2.748979 , 369 , 299
2.750121 , 368 , 298
2.751243 , 367 , 297
2.752367 , 366 , 296
2.753509 , 365 , 295
2.754624 , 364 , 294
2.755731 , 363 , 293
2.756856 , 362 , 292
2.758048 , 361 , 291
2.759167 , 360 , 290
2.760285 , 359 , 289
2.761444 , 358 , 288
2.762598 , 357 , 287
2.763774 , 356 , 286
2.764905 , 355 , 285
2.766047 , 354 , 284
2.76716 , 353 , 283
2.768284 , 352 , 282
2.769426 , 351 , 281
2.770602 , 350 , 280
2.771733 , 349 , 279
2.772834 , 350 , 280
2.773941 , 351 , 281
2.775071 , 352 , 282
2.776191 , 353 , 283
2.777317 , 354 , 284
2.77845 , 355 , 285
2.779611 , 356 , 286
2.780726 , 357 , 287
2.781837 , 358 , 288
2.782966 , 359 , 289
2.7842 , 360 , 290
2.785419 , 361 , 291
2.786628 , 362 , 292
2.787839 , 363 , 293
2.789006 , 364 , 294
2.790166 , 365 , 295
2.791285 , 366 , 296
2.792434 , 367 , 297
2.793572 , 368 , 298
2.794889 , 369 , 299
2.796078 , 370 , 300
2.797497 , 371 , 301
2.798886 , 372 , 302
2.800673 , 373 , 303
2.801959 , 374 , 304
2.803318 , 375 , 305
2.804619 , 376 , 306
2.805798 , 377 , 307
2.807019 , 378 , 308
2.808147 , 379 , 309
2.809592 , 380 , 310
2.810709 , 381 , 311
2.811847 , 382 , 312
2.813029 , 383 , 313
2.814182 , 384 , 314
2.815334 , 385 , 315
2.816456 , 386 , 316
2.817612 , 387 , 317
2.818719 , 388 , 318
2.819848 , 389 , 319
2.821104 , 390 , 320
2.822233 , 391 , 321
2.823415 , 392 , 322
2.824594 , 393 , 323
2.82586 , 394 , 324
2.827047 , 395 , 325
2.828631 , 396 , 326
2.829858 , 397 , 327
2.830983 , 398 , 328
2.832158 , 399 , 329
2.83343 , 400 , 330
2.834563 , 401 , 331
2.835711 , 402 , 332
2.836861 , 403 , 333
2.838013 , 404 , 334
2.839125 , 405 , 335
2.840259 , 406 , 336
2.841385 , 407 , 337
2.842501 , 408 , 338
2.843648 , 409 , 339
2.844781 , 410 , 340
2.845904 , 411 , 341
2.847031 , 412 , 342
2.848175 , 413 , 343
2.8493 , 414 , 344
2.850412 , 415 , 345
2.851546 , 416 , 346
2.852709 , 417 , 347
2.853884 , 418 , 348
2.855023 , 419 , 349
