-3.141593 
-3.129026 
-3.116460 
-3.103894 
-3.091327 
-3.078761 
-3.066194 
-3.053628 
-3.041062 
-3.028495 
-3.015929 
-3.003363 
-2.990796 
-2.978230 
-2.965663 
-2.953097 
-2.940531 
-2.927964 
-2.915398 
-2.902832 
-2.890265 
-2.877699 
-2.865133 
-2.852566 
-2.840000 
-2.827433 
-2.814867 
-2.802301 
-2.789734 
-2.777168 
-2.764602 
-2.752035 
-2.739469 
-2.726902 
-2.714336 
-2.701770 
-2.689203 
-2.676637 
-2.664071 
-2.651504 
-2.638938 
-2.626371 
-2.613805 
-2.601239 
-2.588672 
-2.576106 
-2.563540 
-2.550973 
-2.538407 
-2.525840 
-2.513274 
-2.500708 
-2.488141 
-2.475575 
-2.463009 
-2.450442 
-2.437876 
-2.425310 
-2.412743 
-2.400177 
-2.387610 
-2.375044 
-2.362478 
-2.349911 
-2.337345 
-2.324779 
-2.312212 
-2.299646 
-2.287079 
-2.274513 
-2.261947 
-2.249380 
-2.236814 
-2.224248 
-2.211681 
-2.199115 
-2.186548 
-2.173982 
-2.161416 
-2.148849 
-2.136283 
-2.123717 
-2.111150 
-2.098584 
-2.086018 
-2.073451 
-2.060885 
-2.048318 
-2.035752 
-2.023186 
-2.010619 
-1.998053 
-1.985487 
-1.972920 
-1.960354 
-1.947787 
-1.935221 
-1.922655 
-1.910088 
-1.897522 
-1.884956 
-1.872389 
-1.859823 
-1.847256 
-1.834690 
-1.822124 
-1.809557 
-1.796991 
-1.784425 
-1.771858 
-1.759292 
-1.746726 
-1.734159 
-1.721593 
-1.709026 
-1.696460 
-1.683894 
-1.671327 
-1.658761 
-1.646195 
-1.633628 
-1.621062 
-1.608495 
-1.595929 
-1.583363 
-1.570796 
-1.558230 
-1.545664 
-1.533097 
-1.520531 
-1.507964 
-1.495398 
-1.482832 
-1.470265 
-1.457699 
-1.445133 
-1.432566 
-1.420000 
-1.407434 
-1.394867 
-1.382301 
-1.369734 
-1.357168 
-1.344602 
-1.332035 
-1.319469 
-1.306903 
-1.294336 
-1.281770 
-1.269203 
-1.256637 
-1.244071 
-1.231504 
-1.218938 
-1.206372 
-1.193805 
-1.181239 
-1.168672 
-1.156106 
-1.143540 
-1.130973 
-1.118407 
-1.105841 
-1.093274 
-1.080708 
-1.068142 
-1.055575 
-1.043009 
-1.030442 
-1.017876 
-1.005310 
-0.992743 
-0.980177 
-0.967611 
-0.955044 
-0.942478 
-0.929911 
-0.917345 
-0.904779 
-0.892212 
-0.879646 
-0.867080 
-0.854513 
-0.841947 
-0.829380 
-0.816814 
-0.804248 
-0.791681 
-0.779115 
-0.766549 
-0.753982 
-0.741416 
-0.728849 
-0.716283 
-0.703717 
-0.691150 
-0.678584 
-0.666018 
-0.653451 
-0.640885 
-0.628319 
-0.615752 
-0.603186 
-0.590619 
-0.578053 
-0.565487 
-0.552920 
-0.540354 
-0.527788 
-0.515221 
-0.502655 
-0.490088 
-0.477522 
-0.464956 
-0.452389 
-0.439823 
-0.427257 
-0.414690 
-0.402124 
-0.389557 
-0.376991 
-0.364425 
-0.351858 
-0.339292 
-0.326726 
-0.314159 
-0.301593 
-0.289027 
-0.276460 
-0.263894 
-0.251327 
-0.238761 
-0.226195 
-0.213628 
-0.201062 
-0.188496 
-0.175929 
-0.163363 
-0.150796 
-0.138230 
-0.125664 
-0.113097 
-0.100531 
-0.087965 
-0.075398 
-0.062832 
-0.050265 
-0.037699 
-0.025133 
-0.012566 
0.000000 
0.012566 
0.025133 
0.037699 
0.050265 
0.062832 
0.075398 
0.087965 
0.100531 
0.113097 
0.125664 
0.138230 
0.150796 
0.163363 
0.175929 
0.188496 
0.201062 
0.213628 
0.226195 
0.238761 
0.251327 
0.263894 
0.276460 
0.289027 
0.301593 
0.314159 
0.326726 
0.339292 
0.351858 
0.364425 
0.376991 
0.389557 
0.402124 
0.414690 
0.427257 
0.439823 
0.452389 
0.464956 
0.477522 
0.490088 
0.502655 
0.515221 
0.527788 
0.540354 
0.552920 
0.565487 
0.578053 
0.590619 
0.603186 
0.615752 
0.628319 
0.640885 
0.653451 
0.666018 
0.678584 
0.691150 
0.703717 
0.716283 
0.728849 
0.741416 
0.753982 
0.766549 
0.779115 
0.791681 
0.804248 
0.816814 
0.829380 
0.841947 
0.854513 
0.867080 
0.879646 
0.892212 
0.904779 
0.917345 
0.929911 
0.942478 
0.955044 
0.967611 
0.980177 
0.992743 
1.005310 
1.017876 
1.030442 
1.043009 
1.055575 
1.068142 
1.080708 
1.093274 
1.105841 
1.118407 
1.130973 
1.143540 
1.156106 
1.168672 
1.181239 
1.193805 
1.206372 
1.218938 
1.231504 
1.244071 
1.256637 
1.269203 
1.281770 
1.294336 
1.306903 
1.319469 
1.332035 
1.344602 
1.357168 
1.369734 
1.382301 
1.394867 
1.407434 
1.420000 
1.432566 
1.445133 
1.457699 
1.470265 
1.482832 
1.495398 
1.507964 
1.520531 
1.533097 
1.545664 
1.558230 
1.570796 
1.583363 
1.595929 
1.608495 
1.621062 
1.633628 
1.646195 
1.658761 
1.671327 
1.683894 
1.696460 
1.709026 
1.721593 
1.734159 
1.746726 
1.759292 
1.771858 
1.784425 
1.796991 
1.809557 
1.822124 
1.834690 
1.847256 
1.859823 
1.872389 
1.884956 
1.897522 
1.910088 
1.922655 
1.935221 
1.947787 
1.960354 
1.972920 
1.985487 
1.998053 
2.010619 
2.023186 
2.035752 
2.048318 
2.060885 
2.073451 
2.086018 
2.098584 
2.111150 
2.123717 
2.136283 
2.148849 
2.161416 
2.173982 
2.186548 
2.199115 
2.211681 
2.224248 
2.236814 
2.249380 
2.261947 
2.274513 
2.287079 
2.299646 
2.312212 
2.324779 
2.337345 
2.349911 
2.362478 
2.375044 
2.387610 
2.400177 
2.412743 
2.425310 
2.437876 
2.450442 
2.463009 
2.475575 
2.488141 
2.500708 
2.513274 
2.525840 
2.538407 
2.550973 
2.563540 
2.576106 
2.588672 
2.601239 
2.613805 
2.626371 
2.638938 
2.651504 
2.664071 
2.676637 
2.689203 
2.701770 
2.714336 
2.726902 
2.739469 
2.752035 
2.764602 
2.777168 
2.789734 
2.802301 
2.814867 
2.827433 
2.840000 
2.852566 
2.865133 
2.877699 
2.890265 
2.902832 
2.915398 
2.927964 
2.940531 
2.953097 
2.965663 
2.978230 
2.990796 
3.003363 
3.015929 
3.028495 
3.041062 
3.053628 
3.066194 
3.078761 
3.091327 
3.103894 
3.116460 
3.129026 
3.141593 
3.154159 
3.166725 
3.179292 
3.191858 
3.204425 
3.216991 
3.229557 
3.242124 
3.254690 
3.267256 
3.279823 
3.292389 
3.304955 
3.317522 
3.330088 
3.342655 
3.355221 
3.367787 
3.380354 
3.392920 
3.405486 
3.418053 
3.430619 
3.443186 
3.455752 
3.468318 
3.480885 
3.493451 
3.506017 
3.518584 
3.531150 
3.543717 
3.556283 
3.568849 
3.581416 
3.593982 
3.606548 
3.619115 
3.631681 
3.644247 
3.656814 
3.669380 
3.681947 
3.694513 
3.707079 
3.719646 
3.732212 
3.744778 
3.757345 
3.769911 
3.782478 
3.795044 
3.807610 
3.820177 
3.832743 
3.845309 
3.857876 
3.870442 
3.883009 
3.895575 
3.908141 
3.920708 
3.933274 
3.945840 
3.958407 
3.970973 
3.983539 
3.996106 
4.008672 
4.021239 
4.033805 
4.046371 
4.058938 
4.071504 
4.084070 
4.096637 
4.109203 
4.121770 
4.134336 
4.146902 
4.159469 
4.172035 
4.184601 
4.197168 
4.209734 
4.222301 
4.234867 
4.247433 
4.260000 
4.272566 
4.285132 
4.297699 
4.310265 
4.322831 
4.335398 
4.347964 
4.360531 
4.373097 
4.385663 
4.398230 
4.410796 
4.423362 
4.435929 
4.448495 
4.461062 
4.473628 
4.486194 
4.498761 
4.511327 
4.523893 
4.536460 
4.549026 
4.561593 
4.574159 
4.586725 
4.599292 
4.611858 
4.624424 
4.636991 
4.649557 
4.662123 
4.674690 
4.687256 
4.699823 
4.712389 
4.724955 
4.737522 
4.750088 
4.762654 
4.775221 
4.787787 
4.800354 
4.812920 
4.825486 
4.838053 
4.850619 
4.863185 
4.875752 
4.888318 
4.900885 
4.913451 
4.926017 
4.938584 
4.951150 
4.963716 
4.976283 
4.988849 
5.001416 
5.013982 
5.026548 
5.039115 
5.051681 
5.064247 
5.076814 
5.089380 
5.101946 
5.114513 
5.127079 
5.139646 
5.152212 
5.164778 
5.177345 
5.189911 
5.202477 
5.215044 
5.227610 
5.240177 
5.252743 
5.265309 
5.277876 
5.290442 
5.303008 
5.315575 
5.328141 
5.340708 
5.353274 
5.365840 
5.378407 
5.390973 
5.403539 
5.416106 
5.428672 
5.441238 
5.453805 
5.466371 
5.478938 
5.491504 
5.504070 
5.516637 
5.529203 
5.541769 
5.554336 
5.566902 
5.579469 
5.592035 
5.604601 
5.617168 
5.629734 
5.642300 
5.654867 
5.667433 
5.680000 
5.692566 
5.705132 
5.717699 
5.730265 
5.742831 
5.755398 
5.767964 
5.780530 
5.793097 
5.805663 
5.818230 
5.830796 
5.843362 
5.855929 
5.868495 
5.881061 
5.893628 
5.906194 
5.918761 
5.931327 
5.943893 
5.956460 
5.969026 
5.981592 
5.994159 
6.006725 
6.019292 
6.031858 
6.044424 
6.056991 
6.069557 
6.082123 
6.094690 
6.107256 
6.119822 
6.132389 
6.144955 
6.157522 
6.170088 
6.182654 
6.195221 
6.207787 
6.220353 
6.232920 
6.245486 
6.258053 
6.270619 
6.283185 
6.295752 
6.308318 
6.320884 
6.333451 
6.346017 
6.358584 
6.371150 
6.383716 
6.396283 
6.408849 
6.421415 
6.433982 
6.446548 
6.459114 
6.471681 
6.484247 
6.496814 
6.509380 
6.521946 
6.534513 
6.547079 
6.559645 
6.572212 
6.584778 
6.597345 
6.609911 
6.622477 
6.635044 
6.647610 
6.660176 
6.672743 
6.685309 
6.697876 
6.710442 
6.723008 
6.735575 
6.748141 
6.760707 
6.773274 
6.785840 
6.798407 
6.810973 
6.823539 
6.836106 
6.848672 
6.861238 
6.873805 
6.886371 
6.898937 
6.911504 
6.924070 
6.936637 
6.949203 
6.961769 
6.974336 
6.986902 
6.999468 
7.012035 
7.024601 
7.037168 
7.049734 
7.062300 
7.074867 
7.087433 
7.099999 
7.112566 
7.125132 
7.137699 
7.150265 
7.162831 
7.175398 
7.187964 
7.200530 
7.213097 
7.225663 
7.238229 
7.250796 
7.263362 
7.275929 
7.288495 
7.301061 
7.313628 
7.326194 
7.338760 
7.351327 
7.363893 
7.376460 
7.389026 
7.401592 
7.414159 
7.426725 
7.439291 
7.451858 
7.464424 
7.476991 
7.489557 
7.502123 
7.514690 
7.527256 
7.539822 
7.552389 
7.564955 
7.577521 
7.590088 
7.602654 
7.615221 
7.627787 
7.640353 
7.652920 
7.665486 
7.678052 
7.690619 
7.703185 
7.715752 
7.728318 
7.740884 
7.753451 
7.766017 
7.778583 
7.791150 
7.803716 
7.816283 
7.828849 
7.841415 
7.853982 
7.866548 
7.879114 
7.891681 
7.904247 
7.916813 
7.929380 
7.941946 
7.954513 
7.967079 
7.979645 
7.992212 
8.004778 
8.017344 
8.029911 
8.042477 
8.055044 
8.067610 
8.080176 
8.092743 
8.105309 
8.117875 
8.130442 
8.143008 
8.155575 
8.168141 
8.180707 
8.193274 
8.205840 
8.218406 
8.230973 
8.243539 
8.256105 
8.268672 
8.281238 
8.293805 
8.306371 
8.318937 
8.331504 
8.344070 
8.356636 
8.369203 
8.381769 
8.394336 
8.406902 
8.419468 
8.432035 
8.444601 
8.457167 
8.469734 
8.482300 
8.494867 
8.507433 
8.519999 
8.532566 
8.545132 
8.557698 
8.570265 
8.582831 
8.595398 
8.607964 
8.620530 
8.633097 
8.645663 
8.658229 
8.670796 
8.683362 
8.695928 
8.708495 
8.721061 
8.733628 
8.746194 
8.758760 
8.771327 
8.783893 
8.796459 
8.809026 
8.821592 
8.834159 
8.846725 
8.859291 
8.871858 
8.884424 
8.896990 
8.909557 
8.922123 
8.934690 
8.947256 
8.959822 
8.972389 
8.984955 
8.997521 
9.010088 
9.022654 
9.035220 
9.047787 
9.060353 
9.072920 
9.085486 
9.098052 
9.110619 
9.123185 
9.135751 
9.148318 
9.160884 
9.173451 
9.186017 
9.198583 
9.211150 
9.223716 
9.236282 
9.248849 
9.261415 
9.273982 
9.286548 
9.299114 
9.311681 
9.324247 
9.336813 
9.349380 
9.361946 
9.374512 
9.387079 
9.399645 
9.412212 
9.424778 
