0.002467
0.009823
0.021912
0.028885
0.035916
0.042942
0.049885
0.056822
0.06376
0.070684
0.077602
0.084522
0.091444
0.09836
0.10534
0.112264
0.119194
0.126129
0.133074
0.14001
0.146954
0.153885
0.160837
0.167779
0.174693
0.181628
0.188545
0.195482
0.202395
0.20933
0.216295
0.22325
0.230188
0.237188
0.244168
0.25109
0.258032
0.264979
0.271927
0.278884
0.285895
0.292998
0.299942
0.306904
0.313856
0.320779
0.327718
0.33466
0.341657
0.3486
0.355598
0.362663
0.369664
0.376598
0.383571
0.390551
0.397482
0.404517
0.411499
0.418479
0.425459
0.432708
0.439711
0.446689
0.453638
0.460615
0.467594
0.474566
0.481502
0.488907
0.495873
0.502791
0.509727
0.516665
0.523619
0.530554
0.537457
0.544379
0.551329
0.558257
0.565178
0.572086
0.579025
0.585939
0.592876
0.599795
0.606706
0.613651
0.620558
0.627453
0.634391
0.641327
0.648238
0.655166
0.662109
0.669124
0.676125
0.683094
0.690081
0.697102
0.704088
0.711034
0.718075
0.725077
0.732101
0.739105
0.746053
0.752985
0.759909
0.766827
0.773754
0.780664
0.787618
0.794527
0.801487
0.808395
0.815295
0.822182
0.829134
0.836095
0.842997
0.849911
0.856857
0.863761
0.87067
0.877581
0.88455
0.891481
0.898386
0.90531
0.912244
0.919164
0.926066
0.932983
0.939886
0.94685
0.953781
0.960716
0.967637
0.97456
0.981504
0.98842
0.995342
1.002305
1.009374
1.016356
1.023304
1.030229
1.037157
1.044098
1.051043
1.058068
1.065095
1.07202
1.078931
1.085905
1.092818
1.09974
1.106678
1.11359
1.120503
1.127432
1.134358
1.141302
1.148279
1.155184
1.16213
1.169043
1.175982
1.18294
1.189871
1.196804
1.203721
1.210616
1.21755
1.224539
1.231558
1.238526
1.2455
1.252473
1.259459
1.266431
1.2734
1.280358
1.287304
1.29429
1.301282
1.30826
1.315195
1.322145
1.32911
1.336084
1.343062
1.350026
1.356997
1.363989
1.370965
1.377957
1.384943
1.391899
1.398869
1.405849
1.412922
