1526297137.82,0.0628318530718,0.752521124253,-3.28337633043,364,297,-166.429610815,-1.66429610815 , 364.255823158
1526297137.91,0.609281050166,0.48575408953,-2.69788817258,337,297,0.0,-1.66429610815 , 337.932301975
1526297138.0,1.15304727891,0.306826539093,-1.33471299786,320,297,0.0,-1.66429610815 , 320.276435428
1526297138.08,1.69742769918,0.265991866183,0.415488009179,316,297,0.0,-1.66429610815 , 316.247030602
1526297138.17,2.24428435992,0.376126718401,2.05194405038,327,297,0.0,-1.66429610815 , 327.114704407
1526297138.26,2.78681920955,0.603511506196,3.08499229781,349,297,0.0,-1.66429610815 , 349.552140443
1526297138.34,3.32957426932,0.883246443663,3.23191192301,377,297,0.0,-1.66429610815 , 377.155283236
1526297138.43,3.87002236579,1.13395717456,2.45496757148,401,297,0.0,-1.66429610815 , 401.894431543
1526297138.52,4.41284483682,1.28568166391,0.970789684422,416,297,0.0,-1.66429610815 , 416.866007073
1526297138.6,4.95480743972,1.29368704726,-0.789736366887,417,297,0.0,-1.66429610815 , 417.655946799
1526297138.69,5.50036381206,1.15468319395,-2.33227441021,403,297,0.0,-1.66429610815 , 403.939593574
1526297138.78,6.0446947974,0.909091112341,-3.19675064631,379,297,0.0,-1.66429610815 , 379.705533435
1526297138.86,0.30565921416,0.627835825356,-3.13737875777,351,297,0.0,-1.66429610815 , 351.952368534
1526297138.95,0.848218032244,0.392645075487,-2.17565840628,328,297,0.0,-1.66429610815 , 328.74467088
1526297139.04,1.39060158104,0.270277075644,-0.589614014136,316,297,0.0,-1.66429610815 , 316.669878208
1526297139.12,1.93303456476,0.295777803346,1.16582434918,319,297,0.0,-1.66429610815 , 319.186189665
1526297139.21,2.47854599626,0.463112206074,2.59281288375,335,297,0.0,-1.66429610815 , 335.698090018
1526297139.3,3.02246352584,0.723169730419,3.26655123738,361,297,0.0,-1.66429610815 , 361.35954312
1526297139.38,3.56910147448,1.00248489383,2.99378469937,388,297,0.0,-1.66429610815 , 388.921264261
1526297139.47,4.11172920185,1.21734772582,1.85939033629,410,297,0.0,-1.66429610815 , 410.123082976
1526297139.55,4.65381763911,1.30809906622,0.192581833186,419,297,0.0,-1.66429610815 , 419.078068114
1526297139.64,5.19713146336,1.24867572968,-1.53301448056,413,297,0.0,-1.66429610815 , 413.214407112
1526297139.73,5.74217251403,1.05505384153,-2.82003393345,394,297,0.0,-1.66429610815 , 394.108561147
1526297139.81,0.00142019057241,0.784654553603,-3.28986481596,367,297,0.0722026462346,-1.65806278939 , 367.426623512
1526297139.9,0.546323422654,0.513362769817,-2.81099642794,340,297,-0.0718753248722,-1.66429610815 , 340.656617898
1526297139.99,1.08868150497,0.321481082508,-1.52536044635,321,297,0.0722126176537,-1.65806278939 , 321.722488103
1526297140.07,1.62951908875,0.262701907666,0.193079130812,315,297,-0.0724156345716,-1.66429610815 , 315.922390442
1526297140.18,2.2746883385,0.386243581072,2.12916836008,328,297,0.0607051511596,-1.65806278939 , 328.112996602
1526297140.26,2.8158465003,0.617838287786,3.11686123697,350,297,-0.0723727360955,-1.66429610815 , 350.96585087
1526297140.35,3.35992731495,0.898811816197,3.21176509208,378,297,0.0,-1.66429610815 , 378.691212943
1526297140.44,3.90689183371,1.14812267647,2.37257108509,403,297,0.28641782409,-1.63936283312 , 403.292227526
1526297140.52,4.45080786527,1.29118531105,0.850786888521,417,297,6.69653732168,-1.05966418871 , 417.409085314
1526297140.61,4.99138778821,1.28875023394,-0.906007671637,417,297,2.89800602407,-0.810331438426 , 417.168801488
1526297140.7,5.53455630374,1.14177780388,-2.41023209227,402,297,0.360524365001,-0.77916484464 , 402.666140468
1526297140.78,6.07763643561,0.892267033857,-3.22061346447,378,297,-0.937515900344,-0.860197988483 , 378.045399578
1526297140.87,0.339737855707,0.610914137299,-3.10182603143,350,297,-2.44204237073,-1.07213082623 , 350.282602949
1526297140.95,0.880380695834,0.381713254816,-2.09517779027,327,297,-2.89766876931,-1.32146357651 , 327.665961836
1526297141.04,1.43133446346,0.266883036535,-0.457325302664,316,297,-2.70126781405,-1.55832968928 , 316.334967785
1526297141.13,1.97830497434,0.304676340755,1.30385113898,320,297,-1.50367710337,-1.68922938318 , 320.064262318
1526297141.22,2.51928636882,0.480186861239,2.67313715195,337,297,-0.144792768215,-1.70169602069 , 337.382949796
1526297141.3,3.06327879981,0.744435026986,3.27978480992,363,297,1.22392630518,-1.59572960182 , 363.4579189
1526297141.39,3.60554849847,1.01970299664,2.94209387445,390,297,2.81675111137,-1.3526301703 , 390.620278888
1526297141.47,4.1482960681,1.22787783424,1.75892628663,411,297,2.59778866783,-1.12823069504 , 411.162152636
1526297141.56,4.69255215203,1.30889392438,0.0652562695561,419,297,2.87843153146,-0.878897944754 , 419.15650159
1526297141.65,5.23437094423,1.23927069192,-1.64032544532,412,297,1.22883638533,-0.772931525883 , 412.286354998
1526297141.74,5.78643624872,1.03492965314,-2.89224317668,392,297,-0.496600086218,-0.816564757183 , 392.122785431
1526297141.82,0.0450562514809,0.761814746494,-3.28652937419,365,297,-1.9517298834,-0.984864363625 , 365.172881227
1526297141.91,0.588495910095,0.494742940993,-2.73643518551,338,297,-2.59448029513,-1.20926383888 , 338.819286464
1526297141.99,1.13077909101,0.311675144335,-1.40133597536,320,297,-3.03334885674,-1.47106322668 , 320.754876713
1526297142.08,1.67495877551,0.264637295622,0.342061386386,316,297,-2.51898118963,-1.68922938318 , 316.113366909
1526297142.17,2.22008820984,0.368345381264,1.98912840625,326,297,-0.143691000205,-1.70169602069 , 326.34687268
1526297142.25,2.76070558348,0.590753400469,3.05410051616,348,297,0.43467079016,-1.66429610815 , 348.293220776
1526297142.34,3.30521333614,0.870688001068,3.24592856621,375,297,1.94204326612,-1.49599650171 , 375.916065542
1526297142.43,3.84681042018,1.12479471576,2.50513724841,400,297,3.10950559617,-1.22796379515 , 400.990316165
1526297142.51,4.38974674135,1.28197973724,1.04313022251,416,297,2.52474983823,-1.00979763865 , 416.500715517
1526297142.6,4.93223065803,1.29639495724,-0.71743836817,417,297,2.382463619,-0.804098119669 , 417.923152699
1526297142.69,5.47558792509,1.16376555293,-2.27407735046,404,297,0.288319300787,-0.77916484464 , 404.835805016
1526297142.77,6.01831002824,0.922470510248,-3.17513450555,381,297,-1.51544782984,-0.91006453854 , 381.025759769
1526297142.86,0.277445352677,0.641984672519,-3.16405795958,353,297,-1.58878729671,-1.0471975512 , 353.348521093
1526297142.95,0.822335102505,0.401738024241,-2.23879490265,329,297,-2.80320702829,-1.29029698272 , 329.641927279
1526297143.03,1.36670953066,0.272665908303,-0.666767420805,316,297,-3.23753149703,-1.57079632679 , 316.905598814
1526297143.12,1.90908708734,0.291475239877,1.09182568537,318,297,-1.22757042194,-1.67676274567 , 318.761629633
1526297143.2,2.45168485416,0.452145308334,2.53749075656,334,297,-0.288722875213,-1.70169602069 , 334.615919707
1526297143.29,2.99495373757,0.708893077027,3.25456049936,359,297,0.937190172923,-1.62066287685 , 359.950779146
1526297143.38,3.54020900626,0.988629649028,3.03193895122,387,297,2.65767002341,-1.39003008284 , 387.554083229
1526297143.46,4.08060167569,1.20792836227,1.94295666613,409,297,2.60910920082,-1.16563060758 , 409.193617249
1526297143.55,4.62359492193,1.30693416772,0.291737029292,418,297,3.10151033249,-0.897597901026 , 418.963120515
1526297143.64,5.16648031014,1.2559354305,-1.44308719938,413,297,1.29856459253,-0.785398163397 , 413.93076582
1526297143.72,5.70981211073,1.06943419987,-2.76373894626,395,297,-0.432499221881,-0.82279807594 , 395.527558317
1526297143.81,6.25413710396,0.800605628155,-3.28848023904,369,297,-1.15122685357,-0.922531176054 , 369.000612777
1526297143.9,0.516809272768,0.52668348503,-2.86021190964,341,297,-3.08523605109,-1.19056388261 , 341.971053654
1526297143.98,1.05958230887,0.328740858374,-1.60952328941,322,297,-2.88629642407,-1.4398966329 , 322.438854216
1526297144.07,1.60224898498,0.262058356653,0.103458037931,315,297,-2.59817591156,-1.66429610815 , 315.858887361
1526297144.16,2.14673726327,0.346266228653,1.79174172302,324,297,-0.503510706727,-1.70792933945 , 324.168188788
1526297144.24,2.69050349202,0.557137367222,2.96079190373,344,297,0.216076843832,-1.68922938318 , 344.976122904
1526297144.33,3.23258443913,0.83297563444,3.27625828793,372,297,1.66173932487,-1.54586305177 , 372.194757612
1526297144.42,3.77629374281,1.09585916853,2.6491629184,398,297,3.09742568739,-1.27783034521 , 398.135070235
1526297144.5,4.31994612141,1.26919167955,1.25819921403,415,297,2.73754652439,-1.04096423244 , 415.238840309
1526297144.59,4.86221582007,1.30313103043,-0.491068464855,418,297,2.52785356149,-0.82279807594 , 418.587841893
1526297144.68,5.40603148374,1.18800494602,-2.1033515944,407,297,0.648171604856,-0.766698207126 , 407.227652938
1526297144.76,5.95134817158,0.955976428367,-3.11039081337,384,297,-0.790029123871,-0.835264713454 , 384.331991913
1526297144.85,0.210528436862,0.675978220037,-3.21722988594,356,297,-2.23856023202,-1.02849759493 , 356.702870588
1526297144.94,0.756360446373,0.426063419516,-2.39284798727,332,297,-2.9418739503,-1.28406366397 , 332.042261558
1526297145.02,1.3036320609,0.280374892248,-0.868516534632,317,297,-2.36162110563,-1.48976318295 , 317.666291012
1526297145.11,1.84478423059,0.281329864931,0.890148606061,317,297,-2.09883258663,-1.67052942691 , 317.760523959
1526297145.2,2.38758273317,0.426959570574,2.39814831159,332,297,-0.144308050385,-1.68299606442 , 332.130690218
1526297145.28,2.93168751627,0.676297394345,3.217657783,356,297,0.503865590462,-1.63936283312 , 356.734365452
1526297145.37,3.47508822615,0.956797176216,3.10860906573,384,297,2.37844406876,-1.43366331414 , 384.412980081
1526297145.45,4.01829419238,1.18785349858,2.10449550245,407,297,2.73979626892,-1.19679720137 , 407.2127087
1526297145.54,4.5642655185,1.30326340841,0.48552664745,418,297,3.08459269396,-0.928764494811 , 418.600904432
1526297145.63,5.11164349303,1.26781644219,-1.27887568641,415,297,1.71720888976,-0.77916484464 , 415.103137298
1526297145.71,5.65267582046,1.09408915203,-2.65731611426,397,297,-0.0723895686886,-0.785398163397 , 397.960411972
1526297145.8,6.19585781824,0.831064635224,-3.27733168797,372,297,-1.44206166588,-0.91006453854 , 372.006187729
1526297145.89,0.455030593381,0.55528184514,-2.95511609988,344,297,-2.52744161788,-1.12823069504 , 344.793027287
1526297145.97,0.998602078469,0.345200890696,-1.7813915067,324,297,-2.52179966507,-1.34639685154 , 324.063065431
1526297146.06,1.54267540298,0.262006401541,-0.0925019384932,315,297,-2.80741346352,-1.58949628307 , 315.853760635
1526297146.15,2.08585590273,0.329729324474,1.62054527643,322,297,-1.36996236077,-1.70792933945 , 322.536392161
1526297146.23,2.62908733543,0.528645107916,2.86718169993,342,297,0.0720965217984,-1.70169602069 , 342.164618881
1526297146.32,3.17228131744,0.801464188121,3.2883190661,369,297,1.65833432793,-1.55832968928 , 369.085332095
1526297146.41,3.7153614493,1.069608187,2.76303272338,395,297,2.95678091647,-1.30276362024 , 395.544726682
1526297146.49,4.25841761272,1.25596297934,1.44273252433,413,297,2.66843225493,-1.07213082623 , 413.933484231
1526297146.58,4.8035335648,1.3068235889,-0.29943867207,418,297,2.58650197359,-0.847731350969 , 418.952209032
1526297146.67,5.34737469494,1.20693715477,-1.95143796578,409,297,0.864188337186,-0.772931525883 , 409.095808793
1526297146.75,5.89004137105,0.985985915048,-3.0388814707,387,297,-0.793887084087,-0.841498032212 , 387.293209963
1526297146.84,0.150026077427,0.707139039445,-3.25291363923,359,297,-2.01893087591,-1.01603095741 , 359.77769762
1526297146.93,0.690574541783,0.451876115729,-2.53609410788,334,297,-3.04308341493,-1.27783034521 , 334.58935684
1526297147.01,1.23496844431,0.291048765342,-1.08417906315,318,297,-2.37410483364,-1.4835298642 , 318.719546805
1526297147.1,1.77757220323,0.272953125183,0.675428118602,316,297,-2.59847718095,-1.70792933945 , 316.933940245
1526297147.18,2.32082910242,0.402298465533,2.24258053025,329,297,-0.4325588526,-1.74532925199 , 329.69722942
1526297147.27,2.86448897116,0.642156737642,3.16436565174,353,297,1.22467499328,-1.63936283312 , 353.365499802
1526297147.36,3.4072050822,0.922842982974,3.17449877208,381,297,2.09278439495,-1.45859658917 , 381.062513912
1526297147.44,3.94782395388,1.16327077315,2.2773228854,404,297,3.11513203091,-1.19056388261 , 404.786982095
1526297147.53,4.49005769986,1.29610910145,0.725429473499,417,297,2.52802117019,-0.972397726111 , 417.894945575
1526297147.62,5.03506729194,1.28197374818,-1.0432427722,416,297,1.94025505197,-0.804098119669 , 416.500124541
1526297147.7,5.57836164183,1.12463755928,-2.50597747136,400,297,0.216264517592,-0.785398163397 , 400.974808583
1526297147.79,6.12319446659,0.86881224671,-3.24785238093,375,297,-1.29392303638,-0.897597901026 , 375.730973483
1526297147.88,0.383348450137,0.589557575518,-3.05108102675,348,297,-2.52287734833,-1.11576405752 , 348.175221476
1526297147.96,0.92636117074,0.366812765202,-1.97637833265,326,297,-2.52439461735,-1.33393021402 , 326.195640158
1526297148.05,1.46865034376,0.264528576513,-0.335462745035,316,297,-2.88887175168,-1.58326296431 , 316.102638935
1526297148.14,2.01207652012,0.311957198917,1.40509403663,320,297,-1.51348438703,-1.71416265821 , 320.782708749
1526297148.22,2.55576784746,0.495907288176,2.74130349634,338,297,0.0,-1.71416265821 , 338.934179662
1526297148.31,3.09835213202,0.762764533966,3.28679300941,365,297,1.37146773494,-1.59572960182 , 365.266602517
1526297148.4,3.64400887225,1.03753430982,2.88331150792,392,297,2.94281890363,-1.34016353278 , 392.379802702
1526297148.48,4.18663060751,1.23828156624,1.65108315505,412,297,2.59839109685,-1.11576405752 , 412.188751968
1526297148.57,4.73022606105,1.30891364673,-0.0586785316202,419,297,2.66578495693,-0.885131263511 , 419.158447714
1526297148.65,5.27171079298,1.22920842332,-1.74564179304,411,297,1.22959449611,-0.77916484464 , 411.29344993
1526297148.74,5.81613016198,1.02115311259,-2.93751702131,390,297,-0.575513643486,-0.829031394697 , 390.763370624
1526297148.83,0.0783319499588,0.744425580896,-3.27978015181,363,297,-1.79528894143,-0.984864363625 , 363.456986797
1526297148.91,0.616028168787,0.482863839027,-2.68512393033,337,297,-2.76787083006,-1.2217304764 , 337.647103429
1526297149.0,1.15300833018,0.306834813186,-1.3348301139,320,297,-2.40688257837,-1.42742999538 , 320.277251883
1526297149.08,1.69063563971,0.265554711919,0.393312533221,316,297,-2.33113734426,-1.62689619561 , 316.203893939
1526297149.17,2.22715590647,0.370593267677,2.00759890448,326,297,-0.802981903608,-1.69546270194 , 326.568685265
1526297149.26,2.7656565664,0.593162326201,3.0601180583,348,297,0.290919582792,-1.67052942691 , 348.530924088
1526297149.34,3.30491223249,0.870532445379,3.24608977806,375,297,1.74307361612,-1.52092977674 , 375.900715918
1526297149.43,3.84357617748,1.12350343425,2.51202112896,400,297,2.98102181324,-1.2653637077 , 400.862897588
1526297149.51,4.38078254112,1.2804715749,1.07105726393,416,297,3.13492035403,-0.99733100114 , 416.351895993
1526297149.6,4.91974159765,1.29778111806,-0.677284988849,418,297,2.03470504475,-0.82279807594 , 418.059933594
1526297149.68,5.45783928801,1.17012939748,-2.23152662655,405,297,0.582274892179,-0.772931525883 , 405.463764153
1526297149.77,5.99768967126,0.932860888532,-3.15670145362,382,297,-1.16076892545,-0.872664625997 , 382.051041409
1526297149.86,0.253551804272,0.654056667972,-3.18468309311,354,297,-2.32499591894,-1.07213082623 , 354.539738097
1526297149.94,0.793113068101,0.412312596929,-2.30827192413,330,297,-2.39536875981,-1.27783034521 , 330.685384498
1526297150.03,1.32957041768,0.276959748838,-0.785927190483,317,297,-3.13929740174,-1.54586305177 , 317.3292981
1526297150.11,1.8660727081,0.284459826133,0.957365711632,318,297,-1.7520192191,-1.69546270194 , 318.069376213
1526297150.2,2.40451045085,0.433471538832,2.43592643134,332,297,-0.363691971425,-1.72662929572 , 332.773265619
1526297150.28,2.94125691985,0.681202865228,3.22407018743,357,297,1.09451386524,-1.63312951437 , 357.218418015
1526297150.37,3.48553247815,0.96195503294,3.09719197781,384,297,2.51853747267,-1.41496335787 , 384.921937085
1526297150.46,4.02523905071,1.19016989133,2.08688341947,407,297,2.53985861715,-1.19679720137 , 407.441281222
1526297150.54,4.56378315345,1.30322607391,0.487096131197,418,297,3.05440920897,-0.934997813568 , 418.59722041
1526297150.63,5.10448142062,1.26926182071,-1.25713394644,415,297,1.59355445093,-0.797864800912 , 415.245761564
1526297150.71,5.64274988619,1.09827180216,-2.6379335548,398,297,0.0,-0.797864800912 , 398.373139427
1526297150.8,6.18340620857,0.837555730984,-3.27350496896,372,297,-0.941718865961,-0.878897944754 , 372.646703515
1526297150.89,0.438902822714,0.562896677496,-2.97804933158,345,297,-2.83551148811,-1.12199737628 , 345.544428978
1526297150.97,0.978188449371,0.3510798205,-1.83747728397,324,297,-2.46921710201,-1.33393021402 , 324.643175088
1526297151.06,1.51816466699,0.262524428696,-0.173071290703,315,297,-2.97377721024,-1.58949628307 , 315.904877516
1526297151.14,2.05757013589,0.322617169411,1.53892421718,321,297,-1.52476584098,-1.72039597697 , 321.834592688
1526297151.23,2.59798677378,0.514579557938,2.81563099938,340,297,0.144944082341,-1.70792933945 , 340.776685761
1526297151.31,3.13665671088,0.782813720332,3.28982805738,367,297,1.45414080616,-1.58326296431 , 367.244977329
1526297151.4,3.67773248113,1.05286355277,2.8282566679,393,297,2.8229665055,-1.34016353278 , 393.892432071
1526297151.49,4.2173012351,1.24612687613,1.56304550693,412,297,2.68567920592,-1.10953073877 , 412.962896274
1526297151.57,4.75609700656,1.30849687927,-0.143747863193,419,297,2.8349123309,-0.86643130724 , 419.117322741
1526297151.66,5.29668292162,1.22213282536,-1.81472611875,410,297,1.08674021294,-0.772931525883 , 410.595257768
1526297151.74,5.83324812923,1.01311596514,-2.96244211931,389,297,-0.729922407841,-0.835264713454 , 389.970296542
1526297151.83,0.0880541524132,0.73935267342,-3.2771223205,362,297,-1.23757876479,-0.941231132326 , 362.956412251
1526297151.92,0.624393157771,0.479299680993,-2.66912933942,337,297,-3.35905916998,-1.22796379515 , 337.295406341
1526297152.0,1.16147967916,0.305052312228,-1.30931000467,320,297,-2.98977707702,-1.4835298642 , 320.101361703
1526297152.09,1.69748013016,0.265995333999,0.415659118487,316,297,-2.19207447063,-1.67052942691 , 316.247372792
1526297152.17,2.23478686168,0.373043558691,2.02742878725,326,297,-0.364457529864,-1.70169602069 , 326.81047034
1526297152.26,2.77297892782,0.596733678891,3.06888028154,348,297,0.291086393087,-1.67676274567 , 348.883331117
1526297152.34,3.30975236133,0.873032000135,3.24346271047,376,297,2.18891776593,-1.48976318295 , 376.147362145
1526297152.43,3.8472538365,1.12497147468,2.50419142066,401,297,2.55027837569,-1.27159702645 , 401.00775804
1526297152.51,4.3842025393,1.28105166525,1.06041264467,416,297,3.06348457175,-1.00979763865 , 416.409137026
1526297152.6,4.92330540653,1.2973937105,-0.688753979367,418,297,2.47005418291,-0.797864800912 , 418.021705741
1526297152.68,5.45989608061,1.16939809685,-2.23649386508,405,297,0.291955106352,-0.772931525883 , 405.391602285
1526297152.77,5.99664254961,0.933386886368,-3.15572952768,382,297,-1.09451386524,-0.86643130724 , 382.102944805
1526297152.86,0.250781950291,0.655461092814,-3.18695667609,354,297,-2.33245015579,-1.06589750747 , 354.678321214
1526297152.94,0.788478169119,0.41401933441,-2.31911206324,330,297,-2.25799988768,-1.25913038894 , 330.853798636
1526297153.03,1.32541488769,0.277483928434,-0.799195675606,317,297,-3.35531989495,-1.54586305177 , 317.38102208
1526297153.11,1.86303620512,0.283999465859,0.947803954774,318,297,-1.60267478675,-1.68299606442 , 318.023949673
1526297153.2,2.39948157047,0.431526351801,2.42477571458,332,297,-0.146017094598,-1.69546270194 , 332.581322217
1526297153.28,2.93694409691,0.678990816493,3.22121669979,357,297,0.874444521867,-1.62066287685 , 357.000141751
1526297153.37,3.47460286504,0.956557023386,3.10913140035,384,297,2.18531338936,-1.43366331414 , 384.389282745
1526297153.45,4.01162047713,1.1856092529,2.12132434525,406,297,3.06309147001,-1.17186392634 , 406.991255368
1526297153.54,4.54939159737,1.3020568004,0.533868565162,418,297,2.62182819571,-0.947464451083 , 418.481841101
1526297153.63,5.08574258695,1.27292589953,-1.19994667326,415,297,1.89855623901,-0.785398163397 , 415.607318442
1526297153.71,5.62415486322,1.10602419941,-2.60092471228,399,297,0.290967339016,-0.760464888369 , 399.138115479
1526297153.8,6.16082643082,0.84930537572,-3.26527139406,373,297,-1.45955549704,-0.885131263511 , 373.806112219
1526297153.88,0.414916396566,0.574328469153,-3.01072290598,346,297,-2.33266476553,-1.08459746374 , 346.672473191
1526297153.97,0.951525046985,0.359030815139,-1.90957736505,325,297,-3.21139858473,-1.35886348905 , 325.42774795
1526297154.05,1.48827301402,0.263581255496,-0.271182775428,316,297,-2.33495639579,-1.55832968928 , 316.009161025
1526297154.14,2.02745228068,0.315451471748,1.45066468686,321,297,-1.67068224389,-1.70169602069 , 321.127509841
1526297154.22,2.56362200886,0.499342889734,2.75550492639,339,297,0.21913823984,-1.68299606442 , 339.273191303
1526297154.31,3.10025013364,0.763757436539,3.28705700632,365,297,1.24072260725,-1.57702964555 , 365.364578236
1526297154.4,3.63853058344,1.03501658898,2.89194700261,392,297,2.83762632833,-1.33393021402 , 392.131363918
1526297154.48,4.1750778147,1.23521559129,1.68384629597,411,297,2.91978745188,-1.08459746374 , 411.886213625
1526297154.57,4.71212688539,1.30899692101,0.000862257974297,419,297,2.91705908958,-0.835264713454 , 419.166664892
1526297154.65,5.24894975382,1.23541656409,-1.68172499881,411,297,1.24027250933,-0.729298294583 , 411.906044831
1526297154.74,5.78589845662,1.0351771707,-2.89139957975,392,297,-0.729401088511,-0.791631482155 , 392.14720949
1526297154.82,0.0387510511526,0.76511323814,-3.28739833747,365,297,-1.89966514369,-0.95369776984 , 365.498363402
1526297154.91,0.575887007467,0.500257293801,-2.75924394315,339,297,-2.91658723415,-1.20303052012 , 339.363421098
1526297154.99,1.11215111142,0.315911682872,-1.45653562876,321,297,-2.33706319202,-1.40249672035 , 321.172921664
1526297155.08,1.65110417583,0.263486916595,0.263918336199,315,297,-2.54340958341,-1.62066287685 , 315.999852034
1526297155.16,2.1878326685,0.358352641115,1.90358532454,325,297,-0.948610453408,-1.70169602069 , 325.360828406
1526297155.25,2.72515737636,0.573600908678,3.00870510954,346,297,0.583112538948,-1.65182947064 , 346.600680386
1526297155.34,3.26253301717,0.848568133157,3.26583769956,373,297,1.38476101864,-1.53339641425 , 373.733364024
1526297155.42,3.79983375658,1.10569735184,2.60251407092,399,297,3.06147739284,-1.27159702645 , 399.105863448
1526297155.51,4.33772471906,1.27267517537,1.20396047465,415,297,2.62124405169,-1.0471975512 , 415.582577968
1526297155.59,4.87421502526,1.30215597199,-0.530065729339,418,297,2.62808753408,-0.82279807594 , 418.491626963
1526297155.68,5.41163410889,1.18612310897,-2.11749120648,407,297,1.09314401059,-0.729298294583 , 407.041960663
1526297155.76,5.9482053086,0.957531407618,-3.10700701586,384,297,-1.02187995909,-0.816564757183 , 384.485431147
1526297155.85,0.203721397115,0.679466191426,-3.22183519282,357,297,-2.32648942173,-1.01603095741 , 357.047049878
1526297155.93,0.741995854796,0.431570822493,-2.42503190199,332,297,-2.69213699819,-1.24666375142 , 332.58571041
1526297156.02,1.28219228255,0.283454323979,-0.936343453044,317,297,-3.11756812368,-1.51469645798 , 317.970157217
1526297156.11,1.8199379363,0.277965796391,0.811189901701,317,297,-1.8208002499,-1.67052942691 , 317.428570914
1526297156.19,2.35855094834,0.416031401335,2.33176340312,331,297,-0.290858898353,-1.69546270194 , 331.052341482
1526297156.28,2.89688233108,0.658543119418,3.19185489319,354,297,0.654774889154,-1.63936283312 , 354.982443471
1526297156.36,3.43440777471,0.936534248896,3.14983519081,382,297,2.40444096314,-1.43366331414 , 382.413514154
1526297156.45,3.97229124705,1.17202488935,2.21855574244,405,297,2.54846720437,-1.21549715764 , 405.650803831
1526297156.53,4.51202328609,1.29852174862,0.654774961197,418,297,3.3379423934,-0.928764494811 , 418.133016104
1526297156.62,5.05118307838,1.27923355968,-1.09338760909,416,297,1.8160245529,-0.772931525883 , 416.229733523
1526297156.71,5.5886710713,1.12050780489,-2.52781850024,400,297,0.364334620918,-0.741764932098 , 400.567300671
1526297156.79,6.12673131096,0.866983492344,-3.24968574482,375,297,-1.67415683354,-0.885131263511 , 375.550519199
1526297156.88,0.380488714469,0.590947046701,-3.05458745843,348,297,-2.5529322994,-1.10329742001 , 348.312329025
1526297156.96,0.918108533864,0.369422859821,-1.99801562954,326,297,-2.40401887869,-1.308996939 , 326.453194024
1526297157.05,1.45427226993,0.265350041891,-0.382481861153,316,297,-2.9949227484,-1.56456300804 , 316.183697906
1526297157.13,1.99218869889,0.307603651025,1.34565942431,320,297,-1.60179552783,-1.70169602069 , 320.353117776
1526297157.22,2.52983398477,0.484691164869,2.69321523642,337,297,0.0,-1.70169602069 , 337.827416752
1526297157.3,3.06771895514,0.746753157447,3.28089527841,363,297,1.45626291817,-1.57702964555 , 363.686662892
1526297157.39,3.6069356725,1.02035231355,2.94004887362,390,297,2.32426602921,-1.37756344532 , 390.684350926
1526297157.48,4.14387089305,1.22663471441,1.77121181569,411,297,3.35532925616,-1.0908307825 , 411.039486463
1526297157.56,4.68147872822,1.30874682434,0.101674461097,419,297,2.47692314936,-0.878897944754 , 419.141986337
1526297157.65,5.21772934992,1.24355219735,-1.59264258344,412,297,1.38766615768,-0.760464888369 , 412.708837105
1526297157.73,5.75577760535,1.04892280493,-2.84282329422,393,297,-0.218373146465,-0.77916484464 , 393.503574583
1526297157.82,0.00942115872484,0.780465329197,-3.28972213334,367,297,-1.82390980198,-0.934997813568 , 367.013247333
1526297157.9,0.546267995613,0.513387567404,-2.81109116223,340,297,-2.40748032134,-1.14069733255 , 340.659064826
1526297157.99,1.08238679084,0.323018422662,-1.54367842264,321,297,-3.21433286028,-1.41496335787 , 321.874186779
1526297158.07,1.62018337755,0.262437807876,0.162410843513,315,297,-2.25757848175,-1.60819623934 , 315.896330114
1526297158.16,2.15834398509,0.349605558682,1.82364497262,324,297,-1.16441363506,-1.70792933945 , 324.497700734
1526297158.25,2.69542451437,0.55945902881,2.96781377964,345,297,0.291688822774,-1.68299606442 , 345.205215333
1526297158.33,3.23387424134,0.833648139727,3.27586999188,372,297,1.96389293454,-1.51469645798 , 372.261117787
1526297158.42,3.77101768779,1.09363032853,2.65941791492,397,297,3.13528755641,-1.24666375142 , 397.915137074
1526297158.5,4.30826899227,1.2668204201,1.29360834769,415,297,2.33276883295,-1.0471975512 , 415.004853759
1526297158.59,4.84498550071,1.3044007648,-0.434947917104,418,297,2.48103658312,-0.835264713454 , 418.713134285
1526297158.67,5.38253641082,1.19575828684,-2.04334216244,407,297,0.655725559837,-0.77916484464 , 407.992722098
1526297158.76,5.9186686883,0.972059930479,-3.07371127796,385,297,-1.02271655457,-0.86643130724 , 385.919048609
1526297158.84,0.173148141354,0.695190332802,-3.24067563652,358,297,-1.52970232429,-0.99733100114 , 358.59864627
1526297158.93,0.712051770842,0.443284806235,-2.49050540709,333,297,-3.05237147579,-1.25913038894 , 333.741600228
1526297159.02,1.24848515197,0.288761653715,-1.04209720726,318,297,-2.48234606394,-1.47106322668 , 318.49386363
1526297159.1,1.78591022771,0.273867246616,0.702250992831,317,297,-2.33201455445,-1.67052942691 , 317.024142151
1526297159.19,2.32274508037,0.402983014881,2.24718833568,329,297,-0.802511355195,-1.73909593324 , 329.764778056
1526297159.27,2.86026602991,0.640031244788,3.16053674806,353,297,1.02007439168,-1.65182947064 , 353.155764532
1526297159.36,3.39722671694,0.917794783113,3.18295782064,380,297,1.8234620232,-1.49599650171 , 380.564377415
1526297159.44,3.93434619494,1.15835162538,2.30911456521,404,297,3.13542746566,-1.22796379515 , 404.301579951
1526297159.53,4.47105071916,1.29382252127,0.786286107003,417,297,2.55406527649,-1.00979763865 , 417.669314842
1526297159.61,5.00849526927,1.28620987558,-0.959977506106,416,297,2.25905723945,-0.816564757183 , 416.918128922
1526297159.7,5.54627987175,1.13725625159,-2.43631726475,402,297,0.218480205543,-0.797864800912 , 402.219971482
1526297159.78,6.08392515763,0.889041490431,-3.22477248406,377,297,-1.38406651991,-0.916297857297 , 377.727115646
1526297159.87,0.338794097996,0.611380120696,-3.10285930609,350,297,-2.47486809793,-1.12823069504 , 350.328584356
1526297159.96,0.875434207004,0.383367632498,-2.10769851527,327,297,-2.62735390479,-1.3526301703 , 327.829209315
1526297160.04,1.41408466974,0.268215652126,-0.513453039834,316,297,-2.98109642728,-1.60819623934 , 316.466465047
1526297160.13,1.95021694722,0.299038055549,1.21850911643,319,297,-1.53407483185,-1.73909593324 , 319.507898522
1526297160.21,2.4882891711,0.467148048219,2.61241926292,336,297,0.0727878063412,-1.73286261448 , 336.096331038
1526297160.3,3.02573971332,0.724873311159,3.26781467013,361,297,1.38456803243,-1.61442955809 , 361.527645764
1526297160.38,3.56302697048,0.999586553295,3.00201501395,388,297,2.62418932721,-1.39003008284 , 388.635267423
1526297160.47,4.10161601406,1.21433288044,1.88674216848,409,297,2.54512861962,-1.17186392634 , 409.825589898
1526297160.55,4.63850030165,1.30756828575,0.242862882291,419,297,2.9179544073,-0.922531176054 , 419.025692787
1526297160.64,5.17684366863,1.25353000689,-1.47364814637,413,297,1.60052520958,-0.785398163397 , 413.693408084
1526297160.73,5.71435113591,1.06743473283,-2.77181102425,395,297,-0.364321420756,-0.816564757183 , 395.330258778
1526297160.81,6.25145713166,0.802008210096,-3.28821235511,369,297,-1.3854562147,-0.934997813568 , 369.139014043
1526297160.9,0.506036952606,0.531602142842,-2.87755658841,342,297,-2.84034552723,-1.1780972451 , 342.456407451
1526297160.98,1.0433316999,0.332963785676,-1.655935981,322,297,-2.98861840378,-1.43366331414 , 322.855556064
1526297161.08,1.6487792362,0.263390670687,0.256293536442,315,297,-2.07001106356,-1.63312951437 , 315.990354867
1526297161.16,2.18601705843,0.35780327895,1.89871053357,325,297,-1.45801710935,-1.75779588951 , 325.30661951
1526297161.25,2.72363238374,0.57287091208,3.00667221049,346,297,0.947045656655,-1.67676274567 , 346.528647195
1526297161.34,3.2608132809,0.847674165616,3.26651544804,373,297,1.74980593853,-1.5271630955 , 373.645150825
1526297161.42,3.7981829296,1.10501313825,2.60583281109,399,297,2.98820183444,-1.27159702645 , 399.038347943
1526297161.51,4.33540127746,1.27222865132,1.21107078761,415,297,2.69742943157,-1.04096423244 , 415.538516733
1526297161.59,4.87194850872,1.30234585369,-0.522705255441,418,297,2.48181933409,-0.829031394697 , 418.510363743
1526297161.68,5.40894065434,1.18702937324,-2.11070187559,407,297,0.656407871783,-0.772931525883 , 407.131387255
1526297161.76,5.94727053906,0.957993571702,-3.10599466317,384,297,-0.873035614957,-0.847731350969 , 384.53103568
1526297161.85,0.215491404001,0.673438350067,-3.21377820957,356,297,-2.20185783749,-1.04096423244 , 356.452246214
1526297161.94,0.752532984544,0.427523673996,-2.4014719554,332,297,-2.99002726827,-1.29653030148 , 332.186353723
1526297162.02,1.28904875722,0.282444353292,-0.914697621182,317,297,-2.77396072087,-1.53339641425 , 317.870497284
1526297162.11,1.82514957611,0.278645532708,0.827795037442,317,297,-1.6802757902,-1.67676274567 , 317.495644619
1526297162.19,2.36219864679,0.417387559145,2.34021344938,331,297,-0.291705908958,-1.70169602069 , 331.186161798
1526297162.28,2.8995368369,0.659892052354,3.19395942897,355,297,0.801759623747,-1.63312951437 , 355.115550864
1526297162.36,3.43666080899,0.937663337108,3.14768768061,382,297,2.04165661601,-1.45859658917 , 382.524928135
1526297162.45,3.9739615484,1.17261412332,2.21449507441,405,297,2.91569275508,-1.20926383888 , 405.708947121
1526297162.53,4.51134917343,1.29845138231,0.656948185536,418,297,2.47793814031,-0.99733100114 , 418.126072632
1526297162.62,5.04791438104,1.27979973282,-1.0832394781,416,297,2.33575170509,-0.797864800912 , 416.285601261
1526297162.71,5.58488855032,1.12202716819,-2.51983612625,400,297,0.291746598406,-0.772931525883 , 400.717225463
1526297162.79,6.12237055112,0.869238109942,-3.24741945944,375,297,-1.60309020387,-0.91006453854 , 375.772995991
1526297162.88,0.376334682512,0.592968212436,-3.05963637051,348,297,-2.69777547672,-1.14069733255 , 348.511769705
1526297162.97,0.970881068235,0.353228394048,-1.85736917968,324,297,-2.76670434191,-1.40249672035 , 324.855187871
1526297163.06,1.50824322679,0.262823446105,-0.205657270048,315,297,-2.33228759895,-1.60196292058 , 315.934383377
1526297163.14,2.04529828959,0.319646380049,1.50312591172,321,297,-1.23973628074,-1.70792933945 , 321.541446884
1526297163.23,2.58382441599,0.508260470693,2.79125072345,340,297,-0.0727264563584,-1.71416265821 , 340.153143099
1526297163.31,3.12097385456,0.774602950413,3.28916883964,366,297,1.82282126805,-1.55832968928 , 366.434770865
1526297163.4,3.66217545917,1.04582877147,2.85405748533,393,297,2.3881085798,-1.3526301703 , 393.198267537
1526297163.49,4.20036752531,1.24184848359,1.61183951361,412,297,3.3474935205,-1.06589750747 , 412.540721335
1526297163.57,4.73744805458,1.30883254879,-0.0824324216938,419,297,2.33351058219,-0.86643130724 , 419.150445288
1526297163.66,5.27553376072,1.2281430571,-1.75628951726,411,297,1.09178973859,-0.772931525883 , 411.188323784
1526297163.74,5.81174693172,1.02320009065,-2.93099597925,390,297,-0.511281133394,-0.816564757183 , 390.965358364
1526297163.83,0.0668420743307,0.750425790661,-3.28252152972,364,297,-2.18278948333,-1.0035643199 , 364.049063885
1526297163.91,0.604469383866,0.487823594298,-2.70691592348,338,297,-2.11259321823,-1.18433056385 , 338.136512561
1526297164.0,1.14365464264,0.308842861542,-1.36289693481,320,297,-2.97813959839,-1.4398966329 , 320.475398193
1526297164.09,1.68604418355,0.265272778159,0.37831149202,316,297,-1.9496275917,-1.60819623934 , 316.176073825
1526297164.17,2.2282389808,0.370939574042,2.01042053873,326,297,-1.01128110855,-1.69546270194 , 326.602857414
1526297164.26,2.77037685298,0.595463394211,3.06578535993,348,297,0.216725848751,-1.67676274567 , 348.757984424
1526297164.34,3.31240836517,0.874402753463,3.24198882406,376,297,2.09542763201,-1.49599650171 , 376.282622689
1526297164.43,3.85532521197,1.12817726126,2.4868889345,401,297,2.52484040072,-1.27783034521 , 401.324092444
1526297164.52,4.39664066672,1.28311245278,1.02159577156,416,297,3.25582678616,-0.99733100114 , 416.612487429
1526297164.6,4.93664235082,1.29588624198,-0.731595907584,417,297,2.03077646521,-0.82279807594 , 417.87295468
1526297164.69,5.47560140735,1.16376067325,-2.27410940232,404,297,0.5813442985,-0.772931525883 , 404.835323509
1526297164.77,6.01693483843,0.923165316568,-3.17394712006,381,297,-0.578794429911,-0.82279807594 , 381.094320522
1526297164.86,0.274016366326,0.643712265653,-3.16712918957,353,297,-2.75470116416,-1.05966418871 , 353.518993185
1526297164.95,0.813150692143,0.405026705343,-2.26084017787,329,297,-2.61519888153,-1.28406366397 , 329.966441389
1526297165.03,1.3527509047,0.274197090643,-0.711669998527,317,297,-2.8306860168,-1.5271630955 , 317.056689862
1526297165.12,1.89223127502,0.28861651789,1.03936257818,318,297,-1.8875432242,-1.68922938318 , 318.479542198
1526297165.2,2.43244118502,0.444435854436,2.49672930204,333,297,-0.0724997748182,-1.69546270194 , 333.855181135
1526297165.29,2.97273198854,0.697402504854,3.24307595282,358,297,0.942355959918,-1.61442955809 , 358.816934703
1526297165.38,3.51231871885,0.97509395085,3.06636944014,386,297,2.25008869479,-1.42119667662 , 386.218433799
1526297165.46,4.0515668948,1.19877307694,2.0192094877,408,297,3.12305027402,-1.15316397007 , 408.290209721
1526297165.55,4.59129294172,1.30516253633,0.397417030586,418,297,2.53976697411,-0.934997813568 , 418.788302901
1526297165.63,5.13129462582,1.26372377607,-1.3381899402,414,297,1.74066554161,-0.785398163397 , 414.699289112
1526297165.73,5.72726114219,1.06171617204,-2.79445707309,394,297,0.0657169417302,-0.77916484464 , 394.765973704
1526297165.81,6.26709354911,0.793823424597,-3.28944219597,368,297,-1.95886278936,-0.947464451083 , 368.331371619
1526297165.9,0.523980333346,0.52342577736,-2.84848153416,341,297,-2.90073102848,-1.19679720137 , 341.649595881
1526297165.99,1.06360002027,0.327715355455,-1.59798246145,322,297,-2.61284664001,-1.42119667662 , 322.337661624
1526297166.07,1.60742167605,0.262150530486,0.120465632775,315,297,-2.88073094649,-1.67052942691 , 315.867982712
1526297166.16,2.14914459445,0.346953985944,1.79837870618,324,297,-0.506081002848,-1.71416265821 , 324.236053971
1526297166.25,2.69171090268,0.557706495153,2.96252141939,345,297,0.288739615682,-1.68922938318 , 345.032282209
1526297166.33,3.23703508066,0.8352958656,3.27489537779,372,297,1.86731591719,-1.5271630955 , 372.423708892
1526297166.42,3.78254651215,1.09848942102,2.63691403344,398,297,3.01539797679,-1.2653637077 , 398.3946132
1526297166.51,4.32455405589,1.27010927262,1.24417887114,415,297,2.67359485941,-1.03473091368 , 415.329384783
1526297166.59,4.8666934261,1.30277588994,-0.505629197589,418,297,2.38397774889,-0.829031394697 , 418.552798028
1526297166.68,5.41052706611,1.18649594693,-2.114702565,407,297,0.648150179643,-0.772931525883 , 407.078750846
1526297166.77,5.95465731569,0.954337358322,-3.11392043427,384,297,-1.07966144669,-0.86643130724 , 384.170254932
1526297166.85,0.215740076667,0.673311160274,-3.21360317787,356,297,-2.08681690972,-1.0471975512 , 356.439695626
1526297166.94,0.758343835595,0.425308785564,-2.38836525337,331,297,-2.81501694603,-1.29029698272 , 331.967797249
1526297167.02,1.30317066824,0.280438723708,-0.869980512463,317,297,-3.09107236054,-1.55832968928 , 317.67258965
1526297167.11,1.84755857865,0.281724850527,0.898931958086,317,297,-1.22303716408,-1.66429610815 , 317.799499583
1526297167.2,2.3932857262,0.429142089882,2.41095315971,332,297,-0.43060086352,-1.70169602069 , 332.346052634
1526297167.28,2.93450081306,0.677738530757,3.2195735631,356,297,0.651286115301,-1.64559615188 , 356.876571122
1526297167.37,3.47876288911,0.958614056246,3.10463072541,384,297,2.44663986489,-1.43366331414 , 384.592262653
1526297167.46,4.02421290145,1.18982885532,2.08949208031,407,297,2.80032769602,-1.19056388261 , 407.407629129
1526297167.54,4.56783981358,1.30353629977,0.473893374687,418,297,3.02585105731,-0.928764494811 , 418.627832277
1526297167.63,5.11159855218,1.26782558893,-1.27873946388,415,297,1.87269177538,-0.766698207126 , 415.104039863
1526297167.72,5.65508165361,1.09307077268,-2.66197468364,397,297,-0.432378817962,-0.804098119669 , 397.859922305
1526297167.8,6.20021708005,0.828790402139,-3.27855135116,371,297,-1.29320478682,-0.916297857297 , 371.781775358
1526297167.89,0.461946989179,0.552034446532,-2.94504533461,344,297,-2.37183355631,-1.12199737628 , 344.472586772
1526297167.98,1.00750935363,0.342693020218,-1.75668505837,323,297,-2.65617402725,-1.3526301703 , 323.815598641
1526297168.06,1.54820911883,0.261932947446,-0.0743026173753,315,297,-3.47683644203,-1.65182947064 , 315.846512474
1526297168.15,2.09267942078,0.331499825543,1.64004348369,322,297,-0.647392282372,-1.70792933945 , 322.711098239
1526297168.24,2.63636325798,0.531972068375,2.87884341865,342,297,0.0720365295971,-1.70169602069 , 342.492910247
1526297168.32,3.18038714756,0.805705818165,3.28739279741,369,297,1.72779604337,-1.55209637052 , 369.503879456
1526297168.41,3.7248619436,1.07377314331,2.7459428317,395,297,2.94920716569,-1.29653030148 , 395.95570818
1526297168.5,4.26951350696,1.25848177684,1.40983775401,414,297,2.66061585092,-1.06589750747 , 414.182029256
1526297168.58,4.812123258,1.30639499767,-0.327568940218,418,297,2.67062761022,-0.835264713454 , 418.909917336
1526297168.67,5.35759124668,1.20374214364,-1.97839528893,408,297,0.718009079222,-0.772931525883 , 408.780537668
1526297168.76,5.89936509803,0.981467813118,-3.05050018651,386,297,-1.08435734021,-0.86643130724 , 386.847381445
1526297168.84,0.157703471507,0.70316666525,-3.2490427076,359,297,-1.80809714462,-1.02226427617 , 359.385719367
1526297168.93,0.699943209603,0.44810931456,-2.51635029627,334,297,-2.81690674631,-1.2653637077 , 334.217663724
1526297169.02,1.24309824288,0.289662300658,-1.05889163596,318,297,-2.81215984901,-1.50846313922 , 318.582735926
1526297169.1,1.78666972796,0.273952280993,0.704691856936,317,297,-2.16154257006,-1.69546270194 , 317.032533009
1526297169.19,2.33020825643,0.405662853486,2.26505799573,330,297,-0.144111575457,-1.70792933945 , 330.029213984
1526297169.27,2.8707252622,0.64530025125,3.16991682177,353,297,0.579668671467,-1.65806278939 , 353.675689354
1526297169.36,3.40966634239,0.924086085548,3.17236363617,381,297,2.32545475678,-1.45859658917 , 381.185178382
1526297169.45,3.94716781756,1.16303287707,2.27888022254,404,297,3.57038972597,-1.15316397007 , 404.763507445
1526297169.53,4.4855306589,1.29558119734,0.73994877346,417,297,2.18245542722,-0.966164407354 , 417.842854075
1526297169.62,5.0240298208,1.28377609471,-1.00874217173,416,297,2.18190294067,-0.77916484464 , 416.677973004
1526297169.7,5.56106540923,1.13148488018,-2.46873748642,401,297,-0.0729283080553,-0.785398163397 , 401.650475263
1526297169.79,6.09856089229,0.881519036121,-3.23395770934,376,297,-1.67591590157,-0.928764494811 , 376.984829458
1526297169.87,0.354291198826,0.603748305767,-3.08554306219,349,297,-2.03486906545,-1.10329742001 , 349.575506893
1526297169.96,0.892842791708,0.377589124535,-2.06340671845,327,297,-2.83619767641,-1.34639685154 , 327.259008889
1526297170.05,1.4317254488,0.266854618073,-0.456051466199,316,297,-2.6890985702,-1.57702964555 , 316.332163563
1526297170.13,1.9695160434,0.302871101543,1.2772544708,319,297,-1.45651847477,-1.70169602069 , 319.886128417
1526297170.22,2.5073440887,0.475127986692,2.65004537911,336,297,-0.145641705269,-1.71416265821 , 336.883759964
1526297170.3,3.04504629965,0.7349251076,3.27454728308,362,297,1.4567578869,-1.58949628307 , 362.51951748
1526297170.39,3.58169989091,1.0084703457,2.97636337861,389,297,2.33536702066,-1.39003008284 , 389.511885097
1526297170.47,4.12028893449,1.21986496236,1.83609122429,410,297,3.05415434355,-1.12823069504 , 410.371473972
1526297170.56,4.65802260402,1.30822332837,0.178770113538,419,297,2.69484442728,-0.897597901026 , 419.090329814
1526297170.64,5.19582668088,1.24899368498,-1.52921513911,413,297,1.4564819612,-0.772931525883 , 413.24578169
1526297171.36,3.39588298572,0.917113951766,3.18407275975,380,297,-0.0698871044106,-0.82279807594 , 380.497195657
1526297171.44,3.93523152956,1.15867684584,2.3070390243,404,297,-2.46892905789,-1.03473091368 , 404.333671426
1526297171.53,4.47483773423,1.29429278643,0.774182785418,417,297,1.23387507471,-0.928764494811 , 417.715718757
1526297171.62,5.01287849953,1.28553537419,-0.973760919132,416,297,1.74700949174,-0.77916484464 , 416.85157178
1526297171.7,5.55135968509,1.13528201286,-2.44751618087,402,297,-0.0727325260009,-0.785398163397 , 402.025161373
1526297171.79,6.08975398502,0.886048168207,-3.22851347355,377,297,-1.16390821626,-0.885131263511 , 377.431746388
1526297171.87,0.344302347368,0.608662605858,-3.09678961342,350,297,-2.25784262826,-1.07836414498 , 350.060430686
1526297171.96,0.881394860867,0.381375281131,-2.09260435758,327,297,-2.91682314278,-1.32769689527 , 327.632611922
1526297172.04,1.41971425939,0.267763807756,-0.495151347171,316,297,-3.05568417441,-1.58949628307 , 316.421878823
1526297172.13,1.95728464386,0.30042084227,1.24007661136,319,297,-1.09283634185,-1.68299606442 , 319.644346474
1526297172.22,2.49533889141,0.470087060946,2.62645102276,336,297,-0.363951190872,-1.71416265821 , 336.386341248
1526297172.3,3.03432940652,0.729342892783,3.27096064105,361,297,1.23528453179,-1.60819623934 , 361.968686489
1526297172.39,3.57484042018,1.00521577169,2.9859075417,389,297,2.68099732678,-1.37756344532 , 389.190736542
1526297172.47,4.11281826829,1.2176697583,1.85643348704,410,297,2.47521955947,-1.16563060758 , 410.154859874
1526297172.56,4.65072271303,1.30800170244,0.202745333295,419,297,3.13085192018,-0.897597901026 , 419.06846064
1526297172.64,5.18873950987,1.25070691875,-1.50853299477,413,297,1.74708732037,-0.747998250855 , 413.414836857
1526297172.73,5.72866629256,1.06109095651,-2.79689387553,394,297,-0.725377923182,-0.810331438426 , 394.704279895
1526297172.82,6.26641793843,0.794177125772,-3.28940568011,368,297,-1.74794876247,-0.959931088597 , 368.366273459
1526297172.9,0.52213476271,0.524262912334,-2.8515145294,341,297,-2.4709742539,-1.17186392634 , 341.732201066
1526297172.99,1.06000625083,0.328632300922,-1.60830674407,322,297,-3.20385872569,-1.44612995165 , 322.428142194
1526297173.07,1.5974328246,0.261985124272,0.0876202033193,315,297,-2.25913280247,-1.63936283312 , 315.851661078
1526297173.16,2.13457627105,0.342830901383,1.75805609249,323,297,-0.802050305129,-1.70792933945 , 323.829204212
1526297173.24,2.67203430341,0.548473654772,2.9337998443,344,297,0.0728709861454,-1.70169602069 , 344.121221854
1526297173.33,3.21032074532,0.821355784526,3.2821012624,371,297,2.1100063454,-1.52092977674 , 371.04815655
1526297173.41,3.74796603119,1.08379246939,2.70335109124,396,297,2.54959622089,-1.30276362024 , 396.944375849
1526297173.5,4.28680524547,1.26229082432,1.35823033823,414,297,2.98005217042,-1.0471975512 , 414.557891072
1526297173.59,4.82476511724,1.30569431039,-0.368925037517,418,297,2.47530227081,-0.835264713454 , 418.840776273
1526297173.67,5.36334067857,1.20192490764,-1.99347507692,408,297,0.727197809216,-0.772931525883 , 408.601219971
1526297173.76,5.90018152335,0.98107137154,-3.05150495834,386,297,-0.656592870862,-0.829031394697 , 386.80826215
1526297173.84,0.155502868209,0.704304798063,-3.25017183803,359,297,-2.25460167878,-1.02226427617 , 359.498025834
1526297173.93,0.69347472421,0.450706913824,-2.53000588409,334,297,-2.54804851545,-1.24043043267 , 334.473984597
1526297174.01,1.23075598925,0.291780018716,-1.09725366499,318,297,-3.28027324236,-1.52092977674 , 318.79170401
1526297174.1,1.76980942155,0.272134092294,0.650413514231,316,297,-1.88903818538,-1.68299606442 , 316.853121303
1526297174.19,2.30794456262,0.397731670485,2.21138104358,329,297,-0.218337888614,-1.70169602069 , 329.246596057
1526297174.27,2.84629991381,0.633020483482,3.14747273905,352,297,0.72749526391,-1.63936283312 , 352.463970195
1526297174.36,3.38339991745,0.910777922606,3.19415533364,379,297,1.96882816466,-1.47106322668 , 379.871981234
1526297174.44,3.92157999936,1.15362969584,2.33884107237,403,297,3.12924840641,-1.20303052012 , 403.835638526
1526297174.53,4.45890620525,1.29226528503,0.825023116391,417,297,2.55111024556,-0.984864363625 , 417.515652897
1526297174.61,4.99630731254,1.28803477206,-0.921555400352,417,297,2.4778759741,-0.772931525883 , 417.098202525
1526297174.7,5.533984057,1.14199725957,-2.40895032319,402,297,-0.0728413442334,-0.77916484464 , 402.687795492
1526297174.78,6.07165480935,0.895331145068,-3.2165393481,378,297,-1.60252743242,-0.916297857297 , 378.347754014
1526297174.87,0.327227822934,0.617103469198,-3.1152979,350,297,-2.03546315477,-1.0908307825 , 350.893341864
1526297174.96,0.864540546565,0.387045700173,-2.13509064842,328,297,-3.06140910963,-1.3526301703 , 328.192146559
1526297175.04,1.40357600253,0.26910294629,-0.547572537652,316,297,-2.32504760993,-1.55209637052 , 316.554019744
1526297175.13,1.94126023713,0.297320596739,1.19108987977,319,297,-1.67532757911,-1.69546270194 , 319.338426446
1526297175.21,2.47779398614,0.462801973502,2.59128934352,335,297,-0.218989561617,-1.71416265821 , 335.667477488
1526297175.3,3.01601301678,0.719817507496,3.26396119359,361,297,1.38259109656,-1.59572960182 , 361.028758954
1526297175.38,3.55507993134,0.99578284942,3.0126151139,388,297,2.03429793524,-1.42119667662 , 388.259932893
1526297175.47,4.09336787127,1.21184152986,1.90890711176,409,297,3.41965593958,-1.12823069504 , 409.579753227
1526297175.56,4.63084387997,1.30725704135,0.267975408402,418,297,2.47753066307,-0.916297857297 , 418.994980414
1526297175.64,5.16911084751,1.25532963595,-1.45085930982,413,297,1.60075238165,-0.77916484464 , 413.870988398
1526297175.73,5.75545103522,1.04907054733,-2.84228241626,393,297,-0.400775157323,-0.816564757183 , 393.518153221
1526297175.82,0.0113371366816,0.779462179673,-3.28965671149,366,297,-1.7436694079,-0.966164407354 , 366.914260486
1526297175.91,0.549013881145,0.512160087823,-2.80638759679,340,297,-2.4037643597,-1.17186392634 , 340.537941971
1526297175.99,1.08682395011,0.321932838719,-1.53077235552,321,297,-3.20422461376,-1.44612995165 , 321.767065628
1526297176.08,1.62413667374,0.262544080892,0.175399505814,315,297,-1.96804871334,-1.61442955809 , 315.906816717
1526297176.16,2.1615947061,0.350551355699,1.83253633428,324,297,-1.16593577833,-1.71416265821 , 324.591028262
1526297176.25,2.69912763986,0.561209716544,2.9730504402,345,297,0.218582496269,-1.69546270194 , 345.37796631
1526297176.33,3.23682985081,0.835188895511,3.27495965177,372,297,2.03946104167,-1.52092977674 , 372.413153504
1526297176.42,3.77536047129,1.09546554056,2.65098228226,398,297,2.61813058019,-1.29653030148 , 398.096228576
1526297176.5,4.31308814871,1.26780701392,1.27901608374,415,297,3.05904668092,-1.03473091368 , 415.102206954
1526297176.59,4.85158281653,1.30393278015,-0.456452073329,418,297,2.54557467506,-0.816564757183 , 418.666955401
1526297176.68,5.38987075646,1.19336208318,-2.062197682,407,297,0.509310459086,-0.772931525883 , 407.756274151
1526297176.76,5.92811375555,0.967431180892,-3.08465147516,385,297,-0.509352984194,-0.816564757183 , 385.462301815
1526297176.85,0.190699038728,0.68615247233,-3.23022932362,357,297,-2.36811623457,-1.02226427617 , 357.706825765
1526297176.93,0.727163878447,0.437334018206,-2.45773785686,333,297,-2.48220049781,-1.23419711391 , 333.154399883
1526297177.02,1.2653304781,0.286038367966,-0.98938668813,318,297,-3.34765192659,-1.52092977674 , 318.225140509
1526297177.11,1.80272559328,0.275818873896,0.756194482331,317,297,-1.89486746123,-1.68299606442 , 317.216721051
1526297177.19,2.33995592537,0.409194825992,2.28820744327,330,297,-0.218705615584,-1.70169602069 , 330.377735131
1526297177.28,2.87727014703,0.648605174554,3.17561009617,354,297,0.801795388546,-1.63312951437 , 354.00180618
1526297177.36,3.41455740418,0.926553900981,3.16806362722,381,297,2.04103614339,-1.45859658917 , 381.428692697
1526297177.45,3.9527060275,1.16503575679,2.26570455972,404,297,3.20220880596,-1.18433056385 , 404.961143735
1526297177.53,4.49043969703,1.29615316793,0.724203633147,417,297,2.47634352777,-0.972397726111 , 417.899293882
1526297177.62,5.02882650682,1.28300027408,-1.02375085638,416,297,2.255103542,-0.77916484464 , 416.601418077
