1526296980.46,0.0157079632679,0.777173831285,-0.822365567707,440,217,-76.0464888369,-0.760464888369 , 440.916659832
1526296980.54,0.150457464583,0.706915710147,-0.813175304085,356,300,2.10722080041,-0.579698644412 , 356.873928414
1526296980.63,0.28497102647,0.638199024763,-0.789296772139,355,296,-3.05719000332,-0.841498032212 , 355.212836062
1526296980.72,0.419460994414,0.572153014834,-0.751166208942,351,296,-5.67863462126,-1.32769689527 , 351.320039839
1526296980.8,0.554238583756,0.509830211977,-0.699344884,340,297,-0.581181144743,-1.37756344532 , 340.191439664
1526296980.89,0.688804202119,0.452591203588,-0.634950005403,335,297,-1.52800366733,-1.50846313922 , 335.541149105
1526296980.97,0.823191929645,0.401432864512,-0.559182151737,329,297,-0.218575186612,-1.5271630955 , 329.275717769
1526296981.06,0.957850051245,0.35711706956,-0.473148735572,325,297,-0.727120955729,-1.58949628307 , 325.48951686
1526296981.14,1.09262127397,0.320528232967,-0.378466173986,321,297,-0.290604299928,-1.61442955809 , 321.54176602
1526296981.23,1.22748986852,0.292353024134,-0.276844412309,319,297,-0.508190358777,-1.65806278939 , 319.076529005
1526296981.32,1.36206634758,0.273164165039,-0.170429654999,317,297,-0.218268621871,-1.67676274567 , 317.001970438
1526296981.4,1.49673870045,0.263234578798,-0.0608542944064,316,297,-0.218113235545,-1.69546270194 , 316.130129268
1526296981.49,1.63113129657,0.262752129281,0.049593421591,316,297,-0.0728557561231,-1.70169602069 , 316.048174143
1526296981.58,1.78030830664,0.273249167852,0.171058812487,317,297,-0.0656352758556,-1.70792933945 , 317.196712983
1526296981.67,1.91504657274,0.292519581201,0.277575227439,319,297,0.0726688452401,-1.70169602069 , 319.06687468
1526296981.75,2.0497661135,0.320719862177,0.379046381779,322,297,0.0,-1.70169602069 , 322.021401929
1526296981.84,2.18423098947,0.357264230569,0.473477237842,325,297,0.0728165934528,-1.69546270194 , 325.648784493
1526296981.92,2.318565537,0.401491540935,0.55928154805,329,297,0.364436192612,-1.66429610815 , 329.809871006
1526296982.01,2.45340267296,0.452839548022,0.635270983375,334,297,0.435693363157,-1.62689619561 , 334.881359889
1526296982.1,2.58789413893,0.510070699977,0.699578556914,340,297,0.509615379359,-1.58326296431 , 340.519217589
1526296982.18,2.722523798,0.572340554855,0.751297503844,346,297,0.654547211056,-1.5271630955 , 346.571783013
1526296982.27,2.85686171609,0.638319669371,0.789352262729,353,297,0.655968687913,-1.47106322668 , 353.118490668
1526296982.35,2.99135954868,0.707031859416,0.813202942667,359,297,0.800786259572,-1.40249672035 , 359.779373811
1526296982.44,3.12550085058,0.77697287867,0.822360548397,366,297,0.656930167057,-1.34639685154 , 366.831866249
1526296982.52,3.25997958331,0.847240719589,0.816710132928,373,297,0.800899994316,-1.27783034521 , 373.6179809
1526296982.61,3.39438491267,0.916354639373,0.796327245933,380,297,0.801337393376,-1.20926383888 , 380.417325882
1526296982.7,3.5287303209,0.983077364419,0.761599122998,387,297,0.728813461981,-1.14693065131 , 387.038557233
1526296982.78,3.66345735179,1.04641084085,0.712989384192,393,297,0.872098863237,-1.07213082623 , 393.09870088
1526296982.87,3.79790986903,1.10489987961,0.651595268547,399,297,0.582586293411,-1.02226427617 , 399.095267367
1526296982.95,3.93226164388,1.15758472852,0.578498586916,404,297,0.728778925199,-0.959931088597 , 404.077614863
1526296983.04,4.06646436494,1.20351458743,0.495073372757,408,297,0.656629516713,-0.903831219783 , 408.598666072
1526296983.12,4.20094834077,1.24199740447,0.402543371299,412,297,0.436837510798,-0.86643130724 , 412.521576154
1526296983.21,4.335267159,1.27220279589,0.302870256112,415,297,0.437374643537,-0.829031394697 , 415.403241784
1526296983.29,4.46988595736,1.2936764166,0.197501608212,417,297,0.363666676815,-0.797864800912 , 417.490932656
1526296983.38,4.60493206824,1.30597685237,0.0882097792359,418,297,0.217509578252,-0.77916484464 , 418.74106845
1526296983.47,4.73927110986,1.30880776135,-0.0221070024536,418,297,0.145769600407,-0.766698207126 , 418.982345336
1526296983.55,4.87369816062,1.30219950699,-0.132096864632,418,297,0.0,-0.766698207126 , 418.365574839
1526296983.64,5.00801847688,1.28628266545,-0.239619269469,416,297,0.0,-0.766698207126 , 416.688864675
1526296983.72,5.1425069468,1.26130576479,-0.342950680833,414,297,-0.145607637793,-0.77916484464 , 414.265958925
1526296983.81,5.27658720405,1.22784835073,-0.439804765412,411,297,-0.292101892042,-0.804098119669 , 411.013495937
1526296983.89,5.41134419551,1.1862207956,-0.529190291289,406,297,-0.363293737182,-0.835264713454 , 406.887899804
1526296983.98,5.54584989275,1.13742294425,-0.608841611613,402,297,-0.582355954187,-0.885131263511 , 402.210285053
1526296984.06,5.68035558998,1.08226593316,-0.677494498651,396,297,-0.291177977094,-0.91006453854 , 396.412541321
1526296984.15,5.81515490073,1.02160895488,-0.73401774446,390,297,-0.871631240812,-0.984864363625 , 390.94414293
1526296984.24,5.94991039416,0.956688000626,-0.77721165633,384,297,-0.581276441259,-1.03473091368 , 384.208865904
1526296984.32,6.084607839,0.888691087956,-0.806304075416,377,297,-0.72690868184,-1.09706410125 , 377.614195059
1526296984.41,6.21900193314,0.818981430627,-0.820773536173,370,297,-0.801404384374,-1.16563060758 , 370.794751934
1526296984.49,0.0702170867289,0.748662787057,-0.820440304472,363,297,-0.437108957145,-1.20303052012 , 363.496841338
1526296984.58,0.204688329322,0.678970426233,-0.805297526541,356,297,-0.800944604996,-1.27159702645 , 356.993834428
1526296984.66,0.338989920231,0.611283420082,-0.775661284249,350,297,-0.583240996099,-1.32146357651 , 350.129169552
1526296984.75,0.473921057454,0.546438842505,-0.731819360497,344,297,-0.870779665146,-1.3962634016 , 344.057555147
1526296984.84,0.60849903455,0.486089964735,-0.674839915834,337,297,-0.436532384513,-1.43366331414 , 337.730292325
1526296984.92,0.743324935298,0.431058168806,-0.605518749685,332,297,-1.0167025634,-1.52092977674 , 332.940863768
1526296985.01,0.877613792968,0.382637444518,-0.525546952154,327,297,-0.364560186799,-1.55209637052 , 327.598301834
1526296985.09,1.0122468226,0.34137346733,-0.435871914546,323,297,-0.581805177194,-1.60196292058 , 323.829391556
1526296985.18,1.14666937928,0.308191096247,-0.338465943386,320,297,-0.364197588906,-1.63312951437 , 320.436475534
1526296985.26,1.28158665974,0.28354466817,-0.234563324536,318,297,-0.435434549546,-1.67052942691 , 318.177283846
1526296985.35,1.4160028498,0.268059852718,-0.126804717556,316,297,-0.145685935646,-1.68299606442 , 316.469722618
1526296985.44,1.55060142478,0.26190615488,-0.016608512176,316,297,-0.218232790549,-1.70169602069 , 316.042823592
1526296985.52,1.68567262763,0.265250442627,0.094274301199,316,297,0.0,-1.70169602069 , 316.266896013
1526296985.61,1.82010904107,0.27798789428,0.202933855432,317,297,0.0,-1.70169602069 , 317.630998589
1526296985.69,1.95444695916,0.299862737932,0.307856157648,319,297,0.0,-1.70169602069 , 319.893055276
1526296985.78,2.08892419387,0.330522835032,0.407330577687,323,297,0.0,-1.70169602069 , 323.016630444
1526296985.86,2.22350853758,0.369430624679,0.49951986217,326,297,0.0727519556669,-1.69546270194 , 326.875078005
1526296985.95,2.35806292074,0.415850332591,0.582657627781,331,297,0.436608929921,-1.65806278939 , 331.178589439
1526296986.04,2.50118302864,0.472535354952,0.659496066223,336,297,0.47889091516,-1.61442955809 , 336.806143322
1526296986.13,2.63633287797,0.531958148913,0.719698760633,342,297,0.507132784778,-1.57079632679 , 342.701288469
1526296986.21,2.77069251747,0.595617427388,0.766540479926,348,297,0.655862639971,-1.51469645798 , 348.882396348
1526296986.3,2.90542291892,0.662886307367,0.799636427281,355,297,0.726730871548,-1.45236327041 , 355.482952499
1526296986.38,3.04004471334,0.732319121129,0.81823004277,362,297,0.727317166567,-1.39003008284 , 362.352078239
1526296986.47,3.17524324858,0.803014248662,0.822001411933,369,297,0.796635970125,-1.32146357651 , 369.263315589
1526296986.56,3.30992309159,0.87312013206,0.810842163941,376,297,0.727003684351,-1.25913038894 , 376.238787169
1526296986.65,3.455814177,0.947230085744,0.782196806785,383,297,0.872476644765,-1.1780972451 , 383.379852651
1526296986.73,3.59069513028,1.0127223348,0.740908843003,389,297,0.798511677604,-1.10953073877 , 389.874614439
1526296986.82,3.72568768665,1.07413391975,0.686111430192,396,297,0.580255650846,-1.05966418871 , 396.095762497
1526296986.91,3.86093490781,1.13039217758,0.618692004086,401,297,0.868744581112,-0.984864363625 , 401.295909628
1526296986.99,3.99549565758,1.18011341096,0.540398572464,406,297,0.582117696222,-0.934997813568 , 406.407780524
1526296987.08,4.12996989623,1.22267355862,0.452394541363,410,297,0.509680665536,-0.891364582269 , 410.592087505
1526296987.16,4.26458869459,1.25737100185,0.356114866207,413,297,0.509133347542,-0.847731350969 , 413.921429736
1526296987.25,4.39995837955,1.28364914618,0.252803728345,416,297,0.361649442074,-0.816564757183 , 416.558041556
1526296987.34,4.53496816325,1.30077757439,0.145158414094,418,297,0.36261350619,-0.785398163397 , 418.141035986
1526296987.42,4.66979144245,1.30852196268,0.0350244761383,419,297,0.145246047501,-0.772931525883 , 419.011035564
1526296987.51,4.8044525601,1.30677957202,-0.0756123422945,418,297,0.145420955623,-0.760464888369 , 418.72975866
1526296987.59,4.93936197592,1.29556768922,-0.185079091204,417,297,0.0,-0.760464888369 , 417.658892383
1526296987.68,5.07393695696,1.27514648253,-0.290925142102,415,297,-0.145514034359,-0.772931525883 , 415.682950875
1526296987.77,5.20858084729,1.24585192697,-0.391560203313,412,297,-0.218159342765,-0.791631482155 , 412.764660228
1526296987.85,5.34341498719,1.20816365683,-0.485233745649,409,297,-0.435703044398,-0.829031394697 , 409.167960243
1526296987.94,5.4777854874,1.16296927479,-0.56982405881,404,297,-0.364338682698,-0.860197988483 , 404.55446654
1526296988.02,5.61218894422,1.11095441981,-0.644158277441,399,297,-0.509949082214,-0.903831219783 , 399.492177874
1526296988.11,5.74677328793,1.0529860648,-0.706949783889,393,297,-0.509263689668,-0.947464451083 , 393.709452218
1526296988.19,5.88137785503,0.990168470553,-0.756962168703,387,297,-0.654669226824,-1.0035643199 , 387.604989431
1526296988.28,6.01573749452,0.923770055196,-0.793227101116,381,297,-0.728736266634,-1.06589750747 , 381.090356733
1526296988.36,6.15019937444,0.854824375191,-0.815204974543,374,297,-0.655363943456,-1.12199737628 , 374.192980529
1526296988.45,0.00177892336467,0.784466721793,-0.822465732048,367,297,-0.944508593542,-1.20303052012 , 367.528516101
1526296988.54,0.135981269911,0.714417758453,-0.814874663193,360,297,-0.364795193952,-1.23419711391 , 360.05181226
1526296988.62,0.270560745035,0.645454963353,-0.7925466504,353,297,-0.945809638352,-1.31523025775 , 353.842189621
1526296988.71,0.404843610592,0.579165686405,-0.755982093481,346,297,-0.36457645459,-1.34639685154 , 346.763567072
1526296988.79,0.539060188406,0.51661937139,-0.705834211748,341,297,-1.02131823905,-1.43366331414 , 341.289273748
1526296988.88,0.673589479588,0.458779607371,-0.642830038538,334,297,-0.363908637346,-1.46482990792 , 334.995337565
1526296988.96,0.808073080913,0.4068586467,-0.568236547361,330,297,-1.01929036369,-1.55209637052 , 330.592292308
1526296989.05,0.942490769,0.361793863146,-0.483425360652,325,297,-0.291368624077,-1.57702964555 , 325.510880624
1526296989.13,1.07696987624,0.324356049458,-0.389848253318,322,297,-0.509662213399,-1.62066287685 , 322.124406228
1526296989.22,1.21159653925,0.29521628987,-0.289117891932,319,297,-0.363645432062,-1.65182947064 , 319.204322568
1526296989.31,1.34637263056,0.274929924459,-0.183035553865,317,297,-0.290593802268,-1.67676274567 , 317.235137265
1526296989.39,1.48065362359,0.263925252804,-0.0740390366365,316,297,-0.145832615429,-1.68922938318 , 316.113948404
1526296989.48,1.61493311858,0.262309304982,0.0362892712686,316,297,-0.145834242344,-1.70169602069 , 316.06336227
1526296989.56,1.74957214032,0.270144441674,0.146255226074,316,297,0.0,-1.70169602069 , 316.801109311
1526296989.65,1.88383740405,0.287245523433,0.253281471072,318,297,0.0,-1.70169602069 , 318.594186048
1526296989.73,2.01826482932,0.313350132421,0.355868871388,321,297,0.0,-1.70169602069 , 321.271315344
1526296989.82,2.1527248367,0.347981533788,0.45205752592,324,297,0.0,-1.70169602069 , 324.783520925
1526296989.91,2.2872762238,0.390540719344,0.540142195157,328,297,0.291079101262,-1.67676274567 , 328.782786956
1526296989.99,2.42206167779,0.440329823297,0.61858972195,333,297,0.435860424888,-1.63936283312 , 333.63032422
1526296990.08,2.55675088347,0.496336318732,0.685772560024,339,297,0.508867203607,-1.59572960182 , 339.151077953
1526296990.16,2.69150824943,0.55761094884,0.74055785924,345,297,0.65392690958,-1.53962973301 , 345.108338087
1526296990.25,2.82602031329,0.622893733486,0.781852708857,351,297,0.727910488215,-1.47729654544 , 351.517930418
1526296990.33,2.96061551771,0.691155181643,0.80903473781,358,297,0.65471476675,-1.42119667662 , 358.352750308
1526296990.42,3.0955077062,0.761276681779,0.821593801045,365,297,0.725859244842,-1.35886348905 , 365.214254211
1526296990.51,3.23026619569,0.831766699733,0.819235623701,372,297,0.799237337066,-1.29029698272 , 372.095198215
1526296990.59,3.36511906094,0.901464131713,0.802005547623,378,297,0.798677996781,-1.2217304764 , 378.956216497
1526296990.68,3.49958243889,0.968863074182,0.770325155949,385,297,0.582539237497,-1.17186392634 , 385.788895164
1526296990.76,3.63416041598,1.03300276499,0.72469338265,391,297,0.873064769026,-1.09706410125 , 391.786240645
1526296990.85,3.76882602772,1.09270194803,0.665914017061,397,297,0.654372461744,-1.04096423244 , 397.834916893
1526296990.93,3.90357178397,1.14686700758,0.595031151342,403,297,0.726648057818,-0.978631044868 , 403.038448678
1526296991.02,4.03838869655,1.19450226538,0.513315262081,407,297,0.726264533141,-0.916297857297 , 407.658652883
1526296991.11,4.17300749491,1.23465979758,0.422423499873,411,297,0.436400012179,-0.878897944754 , 411.817578617
1526296991.19,4.30759333665,1.26668120343,0.323912954866,414,297,0.509258021231,-0.835264713454 , 414.808225188
1526296991.28,4.44244320585,1.29003499709,0.219334830243,417,297,0.290434815121,-0.810331438426 , 417.225418193
1526296991.36,4.57692381112,1.30420004993,0.111075187191,418,297,0.364040382919,-0.77916484464 , 418.44371243
1526296991.45,4.71195119665,1.30899688882,0.000360062678956,419,297,0.072513247361,-0.772931525883 , 419.095463792
1526296991.54,4.84724223513,1.3042432229,-0.11057649764,418,297,0.217115804216,-0.754231569612 , 418.374234802
1526296991.62,4.98258982417,1.28999936462,-0.219537011826,417,297,-0.0723416964939,-0.760464888369 , 417.146814244
1526296991.71,5.12912468715,1.26418480213,-0.332916310693,414,297,-0.0668187351991,-0.766698207126 , 414.482206733
1526296991.8,5.263982421,1.23134230254,-0.431009746391,411,297,-0.435626816269,-0.804098119669 , 411.508568677
1526296991.89,5.39832333515,1.19057333058,-0.520947590127,407,297,-0.437302705714,-0.841498032212 , 407.398553538
1526296991.97,5.53264215338,1.1425114193,-0.601485378796,402,297,0.0,-0.841498032212 , 402.145008649
1526296992.06,5.66700179288,1.08799887114,-0.671207151218,396,297,0.0728736266634,-0.835264713454 , 396.625217391
1526296992.14,5.80144307491,1.02799395093,-0.728861279355,390,297,0.0,-0.835264713454 , 390.719186003
1526296992.23,5.93570833863,0.963697501275,-0.773312179323,384,297,0.0,-0.835264713454 , 384.330802977
1526296992.31,6.07057094107,0.895885943056,-0.80394719983,377,297,-0.0726018483292,-0.841498032212 , 377.680836484
1526296992.4,6.20534066577,0.826116369286,-0.819976303569,370,297,0.0726518825325,-0.835264713454 , 370.637101953
1526296992.49,0.0564348535807,0.755864625847,-0.821157646376,363,297,0.0,-0.835264713454 , 363.775460687
1526296992.57,0.190831943782,0.686084145792,-0.80753660457,356,297,0.0,-0.835264713454 , 356.903238229
1526296992.66,0.3251979499,0.618110256846,-0.779359480616,350,297,0.0,-0.835264713454 , 350.223646441
1526296992.74,0.459659829817,0.553107089929,-0.737097804042,343,297,0.0,-0.835264713454 , 343.851091895
1526296992.83,0.593915730868,0.492386796366,-0.681624286639,337,297,0.0,-0.835264713454 , 337.914191362
1526296992.91,0.728412065432,0.436846047239,-0.61375155465,332,297,-0.072799561707,-0.841498032212 , 332.57245869
1526296993.0,0.862609917894,0.387702489534,-0.534979719992,327,297,0.0729614820788,-0.835264713454 , 327.657063494
1526296993.08,0.996895405,0.345685402942,-0.44652732439,323,297,0.0,-0.835264713454 , 323.670259601
1526296993.17,1.13179208758,0.311449459265,-0.349580020801,320,297,-0.0725835062834,-0.841498032212 , 320.459277739
1526296993.26,1.26602739074,0.285928749348,-0.246799958941,317,297,0.0,-0.841498032212 , 317.970791288
1526296993.34,1.40130307443,0.269302362891,-0.138736111698,316,297,0.0723801494872,-0.835264713454 , 316.365376171
1526296993.43,1.53544437633,0.262126540233,-0.0290697579009,315,297,0.0729922407841,-0.829031394697 , 315.764904684
1526296993.51,1.67000175554,0.264373830858,0.0814594243346,316,297,0.0,-0.829031394697 , 316.167750197
1526296993.6,1.80443217687,0.276025006754,0.190414371395,317,297,0.0728352564159,-0.82279807594 , 317.353083874
1526296993.68,1.93892364284,0.296878986376,0.29598026091,319,297,0.145604394103,-0.810331438426 , 319.44323506
1526296993.77,2.07378587077,0.326649515887,0.396467736417,322,297,0.217806149825,-0.791631482155 , 322.408784992
1526296993.86,2.20817846689,0.364604665966,0.489444886791,326,296,0.0,-0.791631482155 , 326.460718568
1526296993.94,2.34282572778,0.410241496999,0.573745380505,331,296,0.0,-0.791631482155 , 331.04716587
1526296994.03,2.47706290348,0.462500549182,0.647451699144,336,295,0.218820326553,-0.772931525883 , 336.060690693
1526296994.11,2.6114663603,0.520644472178,0.709577855253,342,295,0.0,-0.772931525883 , 342.075331135
1526296994.2,2.74558556629,0.583426464135,0.758815126117,348,295,0.0,-0.772931525883 , 348.318996438
1526296994.28,2.87996879973,0.649969607989,0.794479502549,354,295,0.0,-0.772931525883 , 354.92040421
1526296994.37,3.01421046952,0.718881235296,0.815803285509,361,296,-0.145875333988,-0.785398163397 , 361.885317915
1526296994.45,3.14878545056,0.789164270608,0.822445757804,368,296,-0.0727570171795,-0.791631482155 , 368.754975508
1526296994.54,3.28354581257,0.859475293189,0.814194296262,375,297,-0.0726569301297,-0.797864800912 , 375.684749543
1526296994.63,3.41817696967,0.928378004262,0.791208165276,382,297,0.0727266586635,-0.791631482155 , 382.317657307
1526296994.71,3.5527515762,0.994665897696,0.753921191265,388,297,0.0,-0.791631482155 , 388.893656255
1526296994.8,3.68670749712,1.0568926595,0.70326503422,395,297,-0.0730932544083,-0.797864800912 , 395.056088275
1526296994.88,3.82108773451,1.11442780812,0.639788970457,400,297,0.0728624565485,-0.791631482155 , 400.52677129
1526296994.97,3.9552979457,1.16596912126,0.564878591794,405,297,0.0729547634291,-0.785398163397 , 405.538655543
1526296995.05,4.08963436576,1.2107042766,0.479724355932,409,297,0.218658667609,-0.766698207126 , 409.725142899
1526296995.14,4.22397078583,1.24777577684,0.385925894426,413,297,0.291544890146,-0.741764932098 , 413.218734768
1526296995.22,4.3583558918,1.2765244632,0.285135817058,416,297,0.21857945052,-0.723064975826 , 416.028085747
1526296995.31,4.49321062959,1.29647058604,0.178827118809,418,297,0.0,-0.723064975826 , 418.107075015
1526296995.4,4.62748413247,1.30711080436,0.0697475680888,419,297,-0.0729203751842,-0.729298294583 , 419.121329435
1526296995.48,4.76178235282,1.3083583555,-0.0406079039102,419,297,-0.291627817025,-0.754231569612 , 419.351350333
1526296995.57,4.89655994216,1.30014205198,-0.150619686247,418,297,0.0,-0.754231569612 , 418.144275683
1526296995.65,5.0310229456,1.28264119729,-0.257653901237,416,297,0.0728176074985,-0.747998250855 , 416.239889513
1526296995.74,5.16531667186,1.25620236986,-0.359911489545,413,297,0.0,-0.747998250855 , 413.601959852
1526296995.82,5.29963998418,1.22127685057,-0.455708150797,410,299,-0.291573340132,-0.772931525883 , 410.348831772
1526296995.91,5.43437675225,1.17835566121,-0.543550192579,406,303,-0.363348265929,-0.804098119669 , 406.097683315
1526296996.0,5.56877721302,1.12844456054,-0.621358358911,401,298,-0.29140597143,-0.829031394697 , 401.024884454
1526296996.08,5.70353907306,1.07218786861,-0.688122364664,395,297,-0.435936734802,-0.86643130724 , 395.550432657
1526296996.17,5.83785339721,1.01094223264,-0.742249966869,389,297,-0.947676768685,-0.947464451083 , 389.958508257
1526296996.25,5.97226621671,0.945584720305,-0.783032034848,383,297,-1.16551671117,-1.0471975512 , 383.683999883
1526296996.34,6.1066415855,0.877356807506,-0.809683092071,376,297,-0.291460385794,-1.07213082623 , 376.062755344
1526296996.42,6.24104541683,0.807456028752,-0.821736885192,370,297,-1.16559465434,-1.17186392634 , 370.015888664
1526296996.51,0.0920658267595,0.737260679692,-0.818983831624,362,297,-0.510700445019,-1.21549715764 , 362.445780628
1526296996.59,0.226537069352,0.667795561926,-0.801453021888,355,297,-0.509692021361,-1.25913038894 , 355.607539813
1526296996.68,0.361273462921,0.600323915233,-0.769374694677,349,297,-0.799368406924,-1.32769689527 , 349.267198126
1526296996.78,0.510400289052,0.529606255868,-0.717642808704,342,297,-0.656573633428,-1.39003008284 , 342.19920052
1526296996.86,0.64512919248,0.470557344604,-0.657169327967,336,297,-1.01743453273,-1.47729654544 , 336.788242516
1526296996.95,0.779601933101,0.41731012359,-0.584933153802,331,297,-0.946560352001,-1.55832968928 , 331.535360251
1526296997.03,0.913985166542,0.370737598671,-0.502193913099,326,297,-0.510025824628,-1.60196292058 , 326.590655502
1526296997.12,1.04858973364,0.331584289378,-0.4102414985,322,297,-0.436446151216,-1.63936283312 , 322.745290518
1526296997.2,1.1829370144,0.300691883538,-0.31106328621,319,297,-0.218640991129,-1.65806278939 , 319.579893076
1526296997.29,1.31729815193,0.278533063911,-0.206268040107,317,297,-0.218618442528,-1.67676274567 , 317.496733531
1526296997.37,1.45203791606,0.265487353692,-0.0974454457018,316,297,-0.145336074625,-1.68922938318 , 316.244503882
1526296997.46,1.58643987485,0.261863454195,0.0128657777959,315,297,-0.145701361727,-1.70169602069 , 315.996122966
1526296997.55,1.72069727393,0.26767108973,0.122827383975,316,297,-0.145858243561,-1.71416265821 , 316.677858177
1526296997.63,1.85493107907,0.282793308868,0.230559716977,318,297,0.0,-1.71416265821 , 318.132438103
1526296997.72,1.98896901703,0.306916574758,0.333996687798,320,297,0.0,-1.71416265821 , 320.614894581
1526296997.8,2.12317286161,0.339669033656,0.43155816181,323,297,0.0,-1.71416265821 , 323.943048158
1526296997.89,2.25741790195,0.380451005454,0.521384846895,327,297,0.291743342833,-1.68922938318 , 327.768009235
1526296997.97,2.39165357963,0.42851628537,0.601824128939,332,297,0.437645537039,-1.65182947064 , 332.446305681
1526296998.06,2.52652067615,0.483272606354,0.671735076702,337,297,0.580795432538,-1.60196292058 , 337.777174643
1526296998.14,2.66098705015,0.543329936766,0.72929394197,343,297,0.509710475656,-1.55832968928 , 343.830336326
1526296998.23,2.79674322636,0.608392993407,0.77404540962,350,297,0.721239687284,-1.49599650171 , 350.085933
1526296998.32,2.93158036231,0.676242520775,0.804396077613,356,297,0.726155605261,-1.43366331414 , 356.806155363
1526296998.4,3.06575312281,0.745726732732,0.820102902032,363,297,0.729751267812,-1.37133012657 , 363.674534777
1526296998.49,3.20030900399,0.816124310175,0.821049668001,370,297,0.654906103645,-1.31523025775 , 370.695879179
1526296998.57,3.33435106153,0.885702379318,0.807234573823,377,297,0.876555408407,-1.24043043267 , 377.32922223
1526296998.66,3.46905300045,0.95380814191,0.778762984693,384,297,0.654195986873,-1.18433056385 , 384.24095175
1526296998.74,3.60339990671,1.0186963811,0.736312549075,390,297,0.874566402462,-1.10953073877 , 390.384526567
1526296998.83,3.73771872494,1.07936795908,0.680605288478,396,297,0.728957739228,-1.0471975512 , 396.460070288
1526296998.92,3.87240830513,1.13488841631,0.612433809097,401,297,0.654256014032,-0.991097682382 , 401.945054308
1526296999.0,4.00674098012,1.18395708288,0.533392257027,406,297,0.65599429083,-0.934997813568 , 406.707246871
1526296999.09,4.14119499539,1.22587880776,0.444656011656,410,297,0.6554022778,-0.878897944754 , 410.756940448
1526296999.17,4.27537374799,1.25978858231,0.348098560678,414,297,0.364859339405,-0.847731350969 , 414.294440801
1526296999.26,4.41025657381,1.28528008653,0.244730575534,416,297,0.435545777521,-0.810331438426 , 416.638092065
1526296999.34,4.54450610824,1.30163552689,0.137430427096,418,297,0.291733576548,-0.785398163397 , 418.288011213
1526296999.43,4.67924437435,1.3087093617,0.0272553548661,418,297,0.363344226201,-0.754231569612 , 418.806650399
1526296999.51,4.81355832399,1.30631964518,-0.0830665795086,418,297,0.0728984162376,-0.747998250855 , 418.748581729
1526296999.6,4.94798574926,1.29453263525,-0.191982977558,417,297,0.0,-0.747998250855 , 417.549944847
1526296999.69,5.08207237313,1.27362354241,-0.297173979532,415,297,0.0,-0.747998250855 , 415.382919507
1526296999.77,5.21668517938,1.2438166207,-0.397408974205,412,297,0.0,-0.747998250855 , 412.342781823
1526296999.86,5.35125042324,1.2057302642,-0.490422141741,409,297,-0.582098255199,-0.797864800912 , 409.067179962
1526296999.94,5.48558946485,1.16012682544,-0.574435100222,404,297,-0.218654400611,-0.816564757183 , 404.125679313
1526297000.03,5.62007156815,1.10771180186,-0.648169259665,399,297,-0.873687186689,-0.891364582269 , 399.527173664
1526297000.11,5.75432447314,1.04957999524,-0.710103558717,393,297,-0.802247193724,-0.959931088597 , 393.659347249
1526297000.2,5.88868111658,0.986643620437,-0.759291072573,387,297,-0.437251510156,-0.99733100114 , 387.040333776
1526297000.28,6.02290406102,0.920147531002,-0.794764400246,380,297,-0.948321952214,-1.07836414498 , 380.948061868
1526297000.37,6.15727605925,0.851150040657,-0.815956299559,373,297,-0.655802317652,-1.1344640138 , 373.830102849
1526297000.46,0.00886834141025,0.780754771559,-0.822434691157,367,297,-0.799124074022,-1.20303052012 , 367.018806367
1526297000.54,0.143064321337,0.710745128242,-0.814064498709,359,297,-0.583700001312,-1.25289707018 , 359.906217651
1526297000.63,0.277546424634,0.641933775894,-0.790991717032,353,297,-0.655265390017,-1.308996939 , 353.209569416
1526297000.71,0.411654769916,0.575892467398,-0.753758105157,346,297,-0.438061070106,-1.34639685154 , 346.515284972
1526297000.8,0.546435355314,0.513312694642,-0.702701272392,340,297,-0.653814253786,-1.40249672035 , 340.60343689
1526297000.88,0.680595757073,0.455920410133,-0.639219711147,334,297,-0.583854793458,-1.45236327041 , 334.933799974
1526297000.97,0.814862518829,0.404411306818,-0.564186424203,329,297,-0.656316326653,-1.50846313922 , 329.996626446
1526297001.06,0.949247250298,0.359724185569,-0.478918624543,325,297,-0.510020139213,-1.55209637052 , 325.526856766
1526297001.14,1.08354734318,0.32273360491,-0.385076431686,321,297,-0.437435626323,-1.58949628307 , 321.897748077
1526297001.23,1.21765868452,0.294109516329,-0.284444902378,319,297,-0.365042736494,-1.62066287685 , 319.101100438
1526297001.31,1.35203704937,0.274278076282,-0.178490674923,317,297,-0.437180831232,-1.65806278939 , 317.319946472
1526297001.4,1.48676258223,0.263647041064,-0.0690336687768,316,297,-0.2907028534,-1.68299606442 , 316.234386915
1526297001.48,1.62084583554,0.262455046163,0.0411468874575,316,297,-0.0730238412749,-1.68922938318 , 316.010690303
1526297001.57,1.75532456828,0.270688566314,0.150908557923,316,297,0.0,-1.68922938318 , 316.859393114
1526297001.65,1.88947073877,0.288161764291,0.257685492676,318,297,0.0,-1.68922938318 , 318.688942806
1526297001.74,2.02398617319,0.314654039818,0.360105350574,321,297,-0.0727892248908,-1.69546270194 , 321.475985728
1526297001.82,2.15809901256,0.349534470412,0.455743535626,324,297,0.0,-1.69546270194 , 324.940395809
1526297001.91,2.29370913102,0.392760927051,0.544120941898,329,297,0.288806596977,-1.67052942691 , 329.008036804
1526297002.0,2.42791784419,0.442641923192,0.62175332673,333,297,0.510689044215,-1.62689619561 , 333.787756923
1526297002.08,2.56197263497,0.498619942561,0.688134174198,339,297,0.365196728541,-1.59572960182 , 339.520515684
1526297002.17,2.69672176177,0.560071963485,0.742413219246,345,297,0.726629881721,-1.53339641425 , 345.281271691
1526297002.25,2.83105780733,0.62540316162,0.783128660744,351,297,0.655977831582,-1.47729654544 , 351.837790285
1526297002.34,2.96539834697,0.693619634478,0.809733515054,358,297,0.583071899737,-1.42742999538 , 358.667316703
1526297002.42,3.09954751352,0.763389865229,0.82174016445,365,297,0.87585553837,-1.3526301703 , 365.274908824
1526297002.51,3.23367009007,0.83354170019,0.818982953709,372,297,0.803026746523,-1.28406366397 , 372.26635971
1526297002.6,3.36830124716,0.903088278369,0.801421324475,379,297,0.727266586635,-1.2217304764 , 379.186370379
1526297002.68,3.50317770636,0.970625019016,0.769284073815,385,297,0.943727062929,-1.14069733255 , 385.605323715
1526297002.77,3.63762385698,1.03459914956,0.723341980577,392,297,0.728267351809,-1.07836414498 , 392.085312476
1526297002.85,3.77174343747,1.09393742778,0.664502917478,397,297,1.1680649965,-0.978631044868 , 397.448545177
1526297002.94,3.9062697326,1.14788769692,0.593497108743,403,297,0.582266787219,-0.928764494811 , 403.280122309
1526297003.02,4.04036384661,1.19514691963,0.512044992233,407,297,0.6571613416,-0.872664625997 , 407.789199685
1526297003.11,4.17505792089,1.23521025981,0.420975630312,411,297,0.436156123133,-0.835264713454 , 411.870708023
1526297003.19,4.30969881517,1.26711430578,0.322320501314,414,297,0.509049793677,-0.791631482155 , 414.849596124
1526297003.28,4.44396894748,1.29024745335,0.218125147971,417,297,0.364611028468,-0.760464888369 , 417.171994706
1526297003.37,4.57859223993,1.30431730683,0.109715377033,418,297,0.290923629322,-0.73553161334 , 418.526089808
1526297003.45,4.71291105816,1.30899686764,-0.000429391741556,419,297,0.145791547846,-0.723064975826 , 419.022374556
1526297003.54,4.84752686047,1.30422316563,-0.110808462787,418,297,0.0727349541416,-0.716831657069 , 418.514496076
1526297003.62,4.98167752504,1.290126659,-0.218813808826,417,297,-0.0729871464919,-0.723064975826 , 417.160725685
1526297003.71,5.11627909608,1.26686773447,-0.323228245109,414,297,-0.0727426443234,-0.729298294583 , 414.762353221
1526297003.79,5.25052563446,1.23499421339,-0.421544697122,411,297,-0.291740087332,-0.754231569612 , 411.736282845
1526297003.88,5.38521034606,1.19488723571,-0.51255731007,407,297,-0.290790961831,-0.77916484464 , 407.687939895
1526297003.96,5.51933105007,1.14757668581,-0.593965420291,403,297,-0.438020704382,-0.816564757183 , 403.084471208
1526297004.05,5.65361054507,1.09369369883,-0.664781977522,397,297,-0.510419848205,-0.860197988483 , 397.769071732
1526297004.14,5.78765110458,1.03437025301,-0.723536439206,392,297,-0.730471003942,-0.922531176054 , 392.074428783
1526297004.22,5.92196805027,0.970444881612,-0.769391033334,385,297,-0.510277531225,-0.966164407354 , 385.503998935
1526297004.31,6.05672691426,0.902960622147,-0.801467553285,379,297,-0.799235115913,-1.03473091368 , 379.098397907
1526297004.39,6.19079144222,0.833706677491,-0.818958983219,372,297,-0.657306367372,-1.0908307825 , 372.107381623
1526297004.48,0.0422249334062,0.763295809213,-0.821733935614,365,297,-0.800066688994,-1.15939728882 , 365.297646282
1526297004.56,0.176337772773,0.693545679716,-0.809712823869,358,297,-0.730077318001,-1.2217304764 , 358.357777193
1526297004.65,0.310956571135,0.625192922729,-0.783022603397,351,297,-0.872800024357,-1.29653030148 , 351.78016613
1526297004.73,0.445187380215,0.559922391299,-0.742301163666,345,297,-0.948266389575,-1.37756344532 , 345.4541765
1526297004.82,0.579581848867,0.49863666417,-0.688151368033,339,297,-0.655692669131,-1.43366331414 , 339.171474777
1526297004.91,0.713687198093,0.442637019521,-0.621746656607,333,297,-0.584094475809,-1.4835298642 , 333.640525494
1526297004.99,0.847930365906,0.392744701036,-0.544092050525,329,297,-0.802305383855,-1.55209637052 , 329.009296293
1526297005.08,0.982726680599,0.349757120915,-0.456268503363,324,297,-0.21791265354,-1.57079632679 , 324.277456126
1526297005.16,1.11682566321,0.314833185787,-0.360682610659,321,297,-0.657137482731,-1.62689619561 , 321.359029817
1526297005.25,1.25150101213,0.288263717778,-0.258170403435,318,297,-0.363513972146,-1.65806278939 , 318.548678159
1526297005.33,1.3860883519,0.270705841863,-0.151053870659,316,297,-0.291001344526,-1.68299606442 , 316.850281831
1526297005.42,1.52031429239,0.262466425054,-0.041502176231,316,297,-0.218838642629,-1.70169602069 , 316.074142591
1526297005.5,1.6549035047,0.263650269733,0.0690938519657,316,297,0.0,-1.70169602069 , 316.084150173
1526297005.59,1.78936351208,0.274256258149,0.178336447464,317,297,0.0728192300304,-1.69546270194 , 317.166648516
1526297005.68,1.9239163972,0.294106334433,0.284431341869,319,297,-0.0727689651422,-1.70169602069 , 319.373726896
1526297005.76,2.05841872388,0.322825178457,0.385347783738,322,297,0.0,-1.70169602069 , 322.23536423
1526297005.85,2.19334386899,0.360028818976,0.479586006921,325,297,0.0725681947525,-1.69546270194 , 325.927856201
1526297005.93,2.32738480301,0.4046465271,0.564578091288,330,297,0.438281377814,-1.65806278939 , 330.053551522
1526297006.02,2.46227549347,0.456440991434,0.639880916659,335,297,0.508107114109,-1.61442955809 , 335.169830013
1526297006.1,2.59693024451,0.5141062556,0.703457908588,340,297,0.508997409482,-1.57079632679 , 340.921868117
1526297006.19,2.73118464753,0.576490898828,0.75416781771,346,297,0.656376743574,-1.51469645798 , 346.982349625
1526297006.28,2.86578921463,0.642811692921,0.791383302947,353,297,0.727410252026,-1.45236327041 , 353.493254301
1526297006.36,3.00060275664,0.711820357614,0.814306003761,360,297,0.726282690965,-1.39003008284 , 360.326489616
1526297006.45,3.1347096039,0.781794235463,0.822447550749,367,297,0.80312093295,-1.32146357651 , 367.16344932
1526297006.53,3.26888536044,0.851868620657,0.81581263123,374,297,0.729734972947,-1.25913038894 , 374.143981188
1526297006.62,3.40307047967,0.920752859233,0.794510558667,380,297,0.802652461803,-1.19056388261 , 380.848234616
1526297006.7,3.53715860157,0.987156738883,0.758955006551,387,297,0.87625427832,-1.11576405752 , 387.292995946
1526297006.79,3.67157816219,1.05008825515,0.709636396927,393,297,0.801252554187,-1.0471975512 , 393.528173405
1526297006.87,3.80576627747,1.10814896884,0.647632287578,399,297,0.437800658593,-1.00979763865 , 399.554832959
1526297006.96,3.94018733612,1.16049191106,0.573846874044,404,297,0.801243624791,-0.941231132326 , 404.288388754
1526297007.05,4.07451252098,1.20603758432,0.489771562597,408,297,0.728923188771,-0.878897944754 , 408.771057308
1526297007.13,4.20876392794,1.24398631645,0.396925604165,412,297,0.729323768639,-0.816564757183 , 412.423676841
1526297007.22,4.34293032181,1.27366604682,0.297001622797,415,297,0.43787153809,-0.77916484464 , 415.541348375
1526297007.3,4.47725513216,1.29458915893,0.191612737806,417,297,0.291570088424,-0.754231569612 , 417.646329648
1526297007.39,4.61186157179,1.30635348455,0.0825412916956,418,297,0.218220039866,-0.73553161334 , 418.771938535
1526297007.47,4.74581599468,1.30870444069,-0.0274874976889,419,297,0.0730940718188,-0.729298294583 , 419.03855415
1526297007.56,4.88049920825,1.30161562198,-0.137614787155,418,297,0.145397098092,-0.716831657069 , 418.15904236
1526297007.64,5.01465923551,1.28525860493,-0.244838813636,416,297,-0.0729820529108,-0.723064975826 , 416.65467979
1526297007.73,5.14898442036,1.25988156921,-0.347785712994,414,297,-0.145784637754,-0.73553161334 , 414.120828547
1526297007.81,5.28313508493,1.22600554814,-0.444346076179,410,297,-0.218961439476,-0.754231569612 , 410.755002122
1526297007.9,5.41754977696,1.18412247438,-0.533087177487,406,297,-0.509906457517,-0.797864800912 , 406.821672093
1526297007.99,5.55180230745,1.135109562,-0.612122248871,401,297,-0.364658832568,-0.829031394697 , 401.76395744
1526297008.07,5.68612262371,1.07977365173,-0.68017249375,396,297,-0.656054648472,-0.885131263511 , 396.524016197
1526297008.16,5.82072719081,1.01900142455,-0.736073875191,390,297,-0.581928201621,-0.934997813568 , 390.398945631
1526297008.24,5.95495013524,0.954192230931,-0.778557780443,384,297,-0.656530582302,-0.991097682382 , 384.035522695
1526297008.33,6.08954533966,0.886155375068,-0.807095363853,377,297,-0.65471476675,-1.0471975512 , 377.291961963
1526297008.41,6.2238484286,0.81644865212,-0.821019560434,370,297,-0.801947424547,-1.11576405752 , 370.545120402
1526297008.5,0.0752710590757,0.746023534637,-0.820138194251,363,297,-0.800131241557,-1.18433056385 , 363.594924511
1526297008.59,0.209985731237,0.676256122061,-0.804400631348,356,297,-0.799497297168,-1.25289707018 , 356.725454449
1526297008.67,0.344414654535,0.608607254209,-0.774166220255,350,297,-0.874032816794,-1.32769689527 , 350.153513231
1526297008.76,0.479165279371,0.543998905523,-0.729840853962,343,297,-0.799283984122,-1.3962634016 , 343.748194955
1526297008.84,0.613496830842,0.483946576302,-0.672481772551,337,297,-0.65599977743,-1.45236327041 , 337.737679899
1526297008.93,0.748301010183,0.429144360411,-0.602741601221,332,297,-0.581066507303,-1.50222982047 , 332.324888551
1526297009.01,0.882480137294,0.381014069637,-0.522462024148,327,297,-0.583773313675,-1.55209637052 , 327.657468561
1526297009.1,1.01722477002,0.339997670339,-0.432394547709,323,297,-0.508657881704,-1.59572960182 , 323.624885779
1526297009.18,1.15131401544,0.307195448293,-0.334980708559,320,297,-0.511144046156,-1.63936283312 , 320.486668986
1526297009.27,1.28641517886,0.282829489802,-0.230754236855,317,297,-0.289894593355,-1.66429610815 , 317.966858416
1526297009.36,1.42069654638,0.267686647601,-0.122989081468,316,297,-0.364580521765,-1.69546270194 , 316.652657888
1526297009.44,1.55528388616,0.261862384845,-0.0127579593485,315,297,-0.0727503361316,-1.70169602069 , 315.89874775
1526297009.53,1.69005173832,0.265518249693,0.097851321266,316,297,-0.145305783992,-1.71416265821 , 316.440233853
1526297009.61,1.82434546458,0.278539756729,0.206308615587,317,297,0.0,-1.71416265821 , 317.688784284
1526297009.7,1.95909159533,0.300778261572,0.311395182679,319,297,0.0726646038207,-1.70792933945 , 319.915185145
1526297009.78,2.09341827821,0.331692806744,0.410537550889,323,297,-0.0728915059727,-1.71416265821 , 323.207169633
1526297009.87,2.22788315418,0.37082574702,0.502373449056,326,297,0.291266373811,-1.68922938318 , 326.799937566
1526297009.96,2.36205254411,0.417333146174,0.584968898566,331,297,0.437861760243,-1.65182947064 , 331.325952075
1526297010.04,2.49642304431,0.470540435807,0.657149339271,336,297,0.437206419238,-1.61442955809 , 336.648109514
1526297010.13,2.63137328139,0.529688914742,0.717715488806,342,297,0.580437614288,-1.56456300804 , 342.403078035
1526297010.21,2.76559622583,0.593132938706,0.765011292541,348,297,0.656530582302,-1.50846313922 , 348.635068741
1526297010.3,2.90034385461,0.660302328065,0.79864869634,355,297,0.799301755862,-1.4398966329 , 355.155390844
1526297010.38,3.03462035354,0.729494359133,0.817765743948,362,297,0.729187481418,-1.37756344532 , 362.071038136
1526297010.47,3.16931929641,0.799913939588,0.822150911034,369,297,0.726900597667,-1.31523025775 , 369.026348932
1526297010.55,3.30351565084,0.869810844888,0.811708415975,375,297,0.729622965447,-1.25289707018 , 375.910509914
1526297010.64,3.43785768851,0.938262828701,0.786635089838,382,297,0.801714922234,-1.18433056385 , 382.569203421
1526297010.73,3.57261467997,1.00415750749,0.747243558724,389,297,0.653928726927,-1.12823069504 , 389.178390599
1526297010.81,3.70695409609,1.06590104989,0.694487069794,395,297,0.801730567196,-1.05966418871 , 395.073097318
1526297010.9,3.84172981289,1.12276468073,0.62898480534,400,297,0.581189219507,-1.00979763865 , 400.8371631
1526297010.98,3.97587111479,1.17328643948,0.552461290214,405,297,0.656930167057,-0.95369776984 , 405.672202857
1526297011.07,4.11072547808,1.21705047514,0.465528381188,410,297,0.50824398843,-0.91006453854 , 410.051601369
1526297011.15,4.24499710842,1.25283910625,0.370570272365,413,297,0.656292529102,-0.853964669726 , 413.343293249
1526297011.24,4.37930019736,1.28021834474,0.268916780075,416,297,0.364521556612,-0.82279807594 , 416.232569206
1526297011.33,4.51390626248,1.29871706508,0.162175748217,418,297,0.290960862677,-0.797864800912 , 418.02520908
1526297011.41,4.64831009381,1.30792233134,0.0526667119758,418,297,0.291398663586,-0.772931525883 , 418.825057317
1526297011.5,4.78293825485,1.30769445141,-0.0579763312361,418,297,0.0,-0.772931525883 , 418.980933555
1526297011.58,4.91720838717,1.29805253675,-0.167281853525,417,297,0.0,-0.772931525883 , 417.921648972
1526297011.67,5.05187437341,1.27911314388,-0.273883084721,415,297,0.0,-0.772931525883 , 415.947594316
1526297011.75,5.18659503769,1.2512207158,-0.375564976671,413,297,-0.290713358941,-0.797864800912 , 413.38180809
1526297011.84,5.32151231815,1.21482765422,-0.470573432119,409,297,-0.217717274773,-0.816564757183 , 409.624903722
1526297011.93,5.45590004568,1.17081741201,-0.5567086575,405,297,-0.437150373225,-0.853964669726 , 405.413679309
1526297012.01,5.59039488221,1.11981379268,-0.632861080768,400,297,-0.145600745124,-0.86643130724 , 400.018008954
1526297012.1,5.72558705083,1.0624603394,-0.697886668187,394,297,-0.362124311904,-0.897597901026 , 394.50808813
1526297012.18,5.86003769554,1.00040482597,-0.749926220521,388,297,-0.582594407268,-0.947464451083 , 388.550894902
1526297012.27,5.99510889839,0.93415698828,-0.78857494146,382,297,-0.724897239433,-1.00979763865 , 382.116100781
1526297012.35,6.12914646185,0.865734131005,-0.812728577587,375,297,-0.657438598525,-1.06589750747 , 375.274003099
1526297012.44,6.26351883458,0.795694840598,-0.822307985704,368,297,-0.728667210973,-1.12823069504 , 368.423634554
1526297012.53,0.11456733254,0.725541991246,-0.817075217949,361,297,-0.729419403514,-1.19056388261 , 361.507133175
1526297012.61,0.248891019364,0.656420442357,-0.797123692213,354,297,-0.801824449795,-1.25913038894 , 354.777624574
1526297012.7,0.383632281524,0.589419756412,-0.762682912142,348,297,-0.799339523432,-1.32769689527 , 348.197793331
1526297012.78,0.518907590707,0.525728865572,-0.714198672499,341,297,-0.723803498702,-1.39003008284 , 341.886333227
1526297012.87,0.652979983314,0.467282569173,-0.653266500766,336,297,-0.803327323299,-1.45859658917 , 336.257679151
1526297012.95,0.7871684731,0.414503059161,-0.580541543268,330,297,-0.583732582311,-1.50846313922 , 330.904679483
1526297013.04,0.92187827667,0.368227062527,-0.497037167017,326,297,-0.581473594228,-1.55832968928 , 326.418515996
1526297013.12,1.05618923025,0.329612668639,-0.404812409666,322,297,-0.364500211863,-1.58949628307 , 322.485102532
1526297013.21,1.19063051229,0.299182707369,-0.305196502387,319,297,-0.436976234958,-1.62689619561 , 319.652207249
1526297013.3,1.3250923922,0.277524974964,-0.200056205026,317,297,-0.364091079698,-1.65806278939 , 317.546935549
1526297013.38,1.45952880564,0.265037242399,-0.0913251542459,316,297,-0.291328039984,-1.68299606442 , 316.35018706
1526297013.47,1.59420265654,0.261942809688,0.0192491768431,315,297,0.0,-1.68299606442 , 315.866479971
1526297013.55,1.72845069294,0.268292918782,0.129129048727,316,297,-0.145868415952,-1.69546270194 , 316.745446093
1526297013.64,1.86314027313,0.284015166992,0.237032950881,318,297,0.0,-1.69546270194 , 318.259393787
1526297013.72,1.99734748827,0.308714853312,0.340282125978,320,297,0.0729563920791,-1.68922938318 , 320.726553359
1526297013.81,2.1320340724,0.342121016639,0.437745311428,323,297,0.218090189243,-1.67052942691 , 323.975902609
1526297013.9,2.26626787754,0.383404343588,0.526993732193,327,297,0.364709701757,-1.63936283312 , 327.992967316
1526297013.98,2.40082226069,0.4320440622,0.606938620412,332,297,0.291072619947,-1.61442955809 , 332.944091981
1526297014.07,2.53552607215,0.487135871011,0.675981541478,338,297,0.436124595206,-1.57702964555 , 338.305332129
1526297014.15,2.66974602053,0.54740581094,0.732596433864,344,297,0.437696824914,-1.53962973301 , 344.306846556
1526297014.24,2.80420303185,0.612073872187,0.776097970562,350,297,0.582566821077,-1.48976318295 , 350.588009946
1526297014.32,2.93820913672,0.679639452658,0.805514974671,357,297,0.65759293546,-1.43366331414 , 357.210110262
1526297014.41,3.0731170545,0.749572436135,0.820539550759,364,297,0.725774614863,-1.37133012657 , 364.058368528
1526297014.49,3.20731003837,0.81978294311,0.820691647627,370,297,0.875569549913,-1.29653030148 , 370.838803394
1526297014.58,3.34164608393,0.889448600004,0.806063719222,377,297,0.583091405851,-1.24666375142 , 377.987307921
1526297014.67,3.47615477722,0.957324755307,0.776864673789,384,297,0.873514474124,-1.17186392634 , 384.36966929
1526297014.75,3.61113347684,1.02231448816,0.733456483787,390,297,0.652854621637,-1.11576405752 , 390.95750534
1526297014.84,3.74577586915,1.08284943355,0.676862716538,396,297,0.799926490002,-1.0471975512 , 396.729886295
1526297014.92,3.87999244696,1.13783529869,0.608252708686,402,297,0.656561725105,-0.991097682382 , 402.229440135
1526297015.01,4.01481872221,1.18668699335,0.528317800305,406,297,0.726214099505,-0.928764494811 , 406.902326274
1526297015.09,4.14946897917,1.22820587666,0.438916042878,411,297,0.436298055231,-0.891364582269 , 411.197105898
1526297015.18,4.284006135,1.26168387576,0.341653068724,414,297,0.654997255765,-0.835264713454 , 414.188804064
1526297015.27,4.41842532111,1.28653608777,0.238308277639,416,297,0.291365376933,-0.810331438426 , 416.8979636
1526297015.35,4.55292614976,1.30235389566,0.130597792816,418,297,0.291188517003,-0.785398163397 , 418.352692686
1526297015.44,4.68746967221,1.30883437734,0.0204931883671,418,297,0.218322087066,-0.766698207126 , 418.95541595
1526297015.52,4.82205401592,1.30585158377,-0.0900151962163,418,297,-0.0727519556669,-0.772931525883 , 418.839260705
1526297015.61,4.95718476539,1.29338680408,-0.199331632369,417,297,0.0724577806744,-0.766698207126 , 417.358128886
1526297015.69,5.09163391207,1.27179233536,-0.304493053012,415,297,-0.0728251123146,-0.772931525883 , 415.266861984
1526297015.78,5.22650999676,1.24130887279,-0.404464354621,412,297,-0.217783773081,-0.791631482155 , 412.303265614
1526297015.87,5.36098760597,1.20267031647,-0.496827825695,408,297,-0.291238794764,-0.816564757183 , 408.471906816
1526297015.95,5.49557194969,1.15645765318,-0.580282295884,404,297,-0.582015645335,-0.86643130724 , 404.116400628
1526297016.04,5.62984807412,1.10366231119,-0.653087943241,398,297,-0.364594757591,-0.897597901026 , 398.620379922
1526297016.12,5.76424254277,1.04508345359,-0.714184325142,393,297,-0.728547410146,-0.959931088597 , 393.138895429
1526297016.21,5.89935943548,0.981470562293,-0.762623302633,386,297,-0.579721692001,-1.00979763865 , 386.667172611
1526297016.29,6.03382880554,0.914612086281,-0.797029300205,380,297,-0.728141598584,-1.07213082623 , 380.182345744
1526297016.38,6.16883746572,0.845140162258,-0.817095835225,373,297,-0.725233047606,-1.1344640138 , 373.304458762
1526297016.47,0.0200196626847,0.774916592707,-0.822302221925,366,297,-0.728693613063,-1.19679720137 , 366.373350561
1526297016.55,0.154497271897,0.704825014756,-0.81267064268,359,297,-0.873716384292,-1.27159702645 , 359.609596306
1526297016.64,0.288852417311,0.636249809684,-0.788393374274,352,297,-0.728760642346,-1.33393021402 , 352.723784163
1526297016.72,0.42332665596,0.570306025314,-0.749865739563,346,297,-0.800926760128,-1.40249672035 , 346.325939268
1526297016.81,0.558132333329,0.508098742686,-0.697654133957,340,297,-0.726325062752,-1.46482990792 , 340.16547576
1526297016.89,0.692391604943,0.45114324205,-0.633070530129,334,297,-0.656352941641,-1.52092977674 , 334.540013917
1526297016.98,0.827466178359,0.399914802037,-0.556599118586,329,297,-0.507415405572,-1.56456300804 , 329.413486335
1526297017.06,0.961588754908,0.35599390865,-0.470630250261,324,297,-0.219007294506,-1.58326296431 , 324.879786338
1526297017.15,1.09639593031,0.319622084752,-0.375707169962,321,297,-0.508421894088,-1.62689619561 , 321.670007187
1526297017.26,1.26591616215,0.285946228421,-0.246887223439,318,297,-0.288793676737,-1.65806278939 , 318.25740018
1526297017.34,1.40025857433,0.269394896896,-0.139582792657,316,297,-0.291531886287,-1.68299606442 , 316.732765666
1526297017.43,1.53445492876,0.262145107469,-0.029883023078,316,297,-0.218886889634,-1.70169602069 , 316.053949167
1526297017.52,1.66904376656,0.264324389905,0.0806753467583,316,297,0.0,-1.70169602069 , 316.162097862
1526297017.6,1.80372211154,0.27593905995,0.189846184919,317,297,0.0,-1.70169602069 , 317.415913282
1526297017.69,1.93789637006,0.296685678364,0.295191812596,319,297,0.0,-1.70169602069 , 319.567058863
1526297017.77,2.07225151548,0.326262785993,0.395361612674,322,297,0.0,-1.70169602069 , 322.584455066
1526297017.86,2.20690476848,0.364208135344,0.488602599712,326,297,0.0727147245883,-1.69546270194 , 326.349007322
1526297017.94,2.34142132643,0.409728898793,0.572917208671,330,297,0.436731701605,-1.65806278939 , 330.564817833
1526297018.03,2.47554390298,0.461874819474,0.64668050573,335,297,0.438014589013,-1.62066287685 , 335.781892893
1526297018.11,2.6096758422,0.519836063947,0.708832088064,341,297,0.510981350512,-1.57702964555 , 341.49060841
1526297018.2,2.74418640803,0.582750761278,0.7583704916,347,297,0.655126735381,-1.52092977674 , 347.605428709
1526297018.29,2.87830711205,0.649129344691,0.794124913905,354,297,0.657031056574,-1.46482990792 , 354.18880805
1526297018.37,3.01280344661,0.718150554886,0.815655465879,360,297,0.800795178777,-1.3962634016 , 360.878934177
1526297018.46,3.14755257342,0.788518751648,0.822452426188,367,297,0.653966893549,-1.34016353278 , 367.974182261
1526297018.54,3.28168601067,0.858511170445,0.814409294749,374,297,0.80296172593,-1.27159702645 , 374.725799826
1526297018.63,3.41629357382,0.92742908708,0.791629757781,381,297,0.727394061539,-1.20926383888 , 381.578437874
1526297018.71,3.55037233305,0.993523362214,0.754701154273,387,297,0.803289177962,-1.14069733255 , 387.989030838
1526297018.8,3.68510872662,1.05617652341,0.70394595089,394,297,0.726698551749,-1.07836414498 , 394.196891605
1526297018.88,3.81959719653,1.11382034329,0.640558626956,399,297,0.728038188965,-1.01603095741 , 399.821086888
1526297018.97,3.9539017835,1.1654666726,0.565712665986,404,297,0.656131483355,-0.959931088597 , 404.91444308
1526297019.06,4.08864791425,1.21040280545,0.480383140371,409,297,0.581316830566,-0.91006453854 , 409.33818817
1526297019.14,4.22315510952,1.24757522112,0.386518192541,412,297,0.582349468396,-0.860197988483 , 412.912574662
1526297019.23,4.35772222591,1.27640933961,0.28562460728,415,297,0.363806346972,-0.829031394697 , 415.873903936
1526297019.31,4.49302749566,1.2964497286,0.178974134028,417,297,0.289457290936,-0.804098119669 , 417.819536891
1526297019.4,4.62795114274,1.30713148397,0.069364843577,418,297,0.290276001846,-0.77916484464 , 418.764604468
1526297019.48,4.76210218182,1.3083500606,-0.0408706298239,418,297,0.072986942735,-0.772931525883 , 418.99048508
1526297019.57,4.89659065174,1.30013910707,-0.150644516644,418,297,0.0728038188965,-0.766698207126 , 418.072120647
1526297019.66,5.03114054081,1.282621905,-0.257745749253,416,297,0.0,-0.766698207126 , 416.309748743
1526297019.74,5.16526761144,1.25621361035,-0.35987520709,413,297,-0.0729999854703,-0.772931525883 , 413.675138334
1526297019.83,5.29986131783,1.22121262816,-0.455859681616,410,297,0.0,-0.772931525883 , 410.054631935
1526297019.91,5.4338408327,1.17854105159,-0.543219314872,406,297,-0.292321530417,-0.797864800912 , 406.046217018
1526297020.0,5.56855101077,1.12853403036,-0.621236452574,401,297,-0.581471977676,-0.847731350969 , 401.320058996
1526297020.08,5.70270467141,1.07255329699,-0.687746237049,395,297,-0.51089861528,-0.891364582269 , 395.660832273
1526297020.17,5.83841028916,1.01067904897,-0.742447149557,389,297,-0.57720671372,-0.941231132326 , 389.566778485
1526297020.26,5.97265383148,0.945391484762,-0.783129507828,383,297,-0.729366496016,-1.0035643199 , 383.234460109
1526297020.34,6.10706215689,0.877140011537,-0.809743771284,376,297,-0.655625070819,-1.05966418871 , 376.400646276
1526297020.43,6.24167908272,0.807124532205,-0.821758675732,369,297,-0.872812165094,-1.1344640138 , 369.694250149
1526297020.51,0.0925253468832,0.737021099583,-0.818948998919,362,297,-0.657467990451,-1.19056388261 , 362.566998616
1526297020.6,0.227122423837,0.667496922034,-0.801344752211,356,297,-1.0911760971,-1.28406366397 , 356.151963642
1526297020.68,0.361260355175,0.600330335412,-0.769378505215,348,297,-0.364970374517,-1.31523025775 , 348.839181
1526297020.77,0.496210592257,0.536114573781,-0.723271748244,343,297,-1.30598463215,-1.42742999538 , 343.476674521
1526297020.85,0.630422675986,0.476743890357,-0.664371119774,337,297,-0.729537455598,-1.48976318295 , 337.107514554
1526297020.94,0.764828005342,0.422851609205,-0.593411164949,331,297,-0.145697707886,-1.50222982047 , 331.283546735
1526297021.03,0.898931482033,0.375597161747,-0.511941818546,327,297,-0.730128289664,-1.56456300804 , 327.277747664
1526297021.11,1.03343568124,0.335593996288,-0.420996534545,323,297,-0.363976525077,-1.59572960182 , 323.058829795
1526297021.2,1.16804811299,0.303693933139,-0.322364424858,320,297,-0.436420652121,-1.63312951437 , 320.079868397
1526297021.28,1.30216731897,0.280577903303,-0.21829086354,317,297,-0.365021330668,-1.66429610815 , 317.831111195
1526297021.37,1.43681457987,0.266491950986,-0.109866176943,316,297,-0.290871842242,-1.68922938318 , 316.47498627
1526297021.45,1.57095400923,0.261799394308,0.000129688607455,315,297,-0.145986519456,-1.70169602069 , 315.9775157
1526297021.54,1.70568890477,0.266555872462,0.11060854599,316,297,-0.0726706631429,-1.70792933945 , 316.483537233
1526297021.62,1.83977365611,0.280626339566,0.218567058723,317,297,0.0,-1.70792933945 , 317.906776217
1526297021.71,1.97413329561,0.303814843022,0.322809855876,320,297,0.0,-1.70792933945 , 320.297789174
1526297021.8,2.10860266567,0.33571349333,0.421311397666,323,297,0.0,-1.70792933945 , 323.542619902
1526297021.88,2.24278478884,0.375637453268,0.512021388797,327,297,0.29188013951,-1.68299606442 , 327.28365237
1526297021.97,2.37750395508,0.423131001584,0.593832028219,331,297,0.581433183135,-1.63312951437 , 331.765136788
1526297022.05,2.51161866698,0.476933695398,0.664588592308,336,297,0.803073836975,-1.56456300804 , 336.925288403
1526297022.14,2.6465280828,0.536642421914,0.723720025106,343,297,0.580613244715,-1.51469645798 , 343.094974494
1526297022.22,2.78173897677,0.601019511552,0.769786670714,349,297,0.724148322645,-1.45236327041 , 349.351274344
1526297022.31,2.91712439102,0.668851361177,0.80183347665,356,297,0.650893365108,-1.3962634016 , 356.148561964
1526297022.4,3.05194280163,0.738520463037,0.81916412323,362,297,0.798882109617,-1.32769689527 , 362.894306498
1526297022.48,3.18666046985,0.808987629457,0.821631915079,369,297,0.654119604599,-1.27159702645 , 369.993010235
1526297022.57,3.32189982636,0.879296061194,0.809133735249,376,297,0.723995918072,-1.20926383888 , 376.849485687
1526297022.65,3.45652499134,0.947584003328,0.782015916644,383,297,0.872758748377,-1.1344640138 , 383.414318982
1526297022.74,3.59179093784,1.01323906568,0.740517107306,390,297,0.651468238257,-1.07836414498 , 390.070313538
1526297022.83,3.72636292283,1.07442879173,0.685805023767,395,297,0.873103644148,-1.0035643199 , 395.835586079
1526297022.91,3.86102404048,1.13042728303,0.618643699266,402,297,0.0727104778117,-0.99733100114 , 402.084821157
1526297023.0,3.99683676725,1.1805744357,0.539566575596,405,297,1.08140905942,-0.903831219783 , 405.95977058
1526297023.08,4.1317855063,1.22319573932,0.45114670725,411,297,0.0725555071954,-0.897597901026 , 411.073720832
1526297023.17,4.26725555914,1.25797392699,0.35413646027,413,297,0.722763002034,-0.835264713454 , 413.768170467
1526297023.26,4.40279452127,1.28410358991,0.250583005954,416,297,0.216718662742,-0.816564757183 , 416.743704943
1526297023.34,4.53786722215,1.30104331236,0.142810856606,418,297,0.362444599968,-0.785398163397 , 418.165108156
1526297023.43,4.67381964004,1.30860753607,0.0317141466053,418,297,0.216059582303,-0.766698207126 , 418.946337097
1526297023.52,4.80932751809,1.3065387151,-0.0796039406104,418,297,0.0,-0.766698207126 , 418.84554877
1526297023.6,4.9448653567,1.29491153082,-0.189486523744,417,297,0.0,-0.766698207126 , 417.589796174
1526297023.69,5.08058033713,1.27390527243,-0.296029402841,415,297,-0.0721458616885,-0.772931525883 , 415.483039637
1526297023.77,5.21489615931,1.24426850609,-0.396120097716,412,297,-0.21869219982,-0.791631482155 , 412.604440765
1526297023.86,5.34950259894,1.20627531436,-0.489267381545,409,297,-0.509180093021,-0.835264713454 , 409.050150067
1526297023.94,5.48425022772,1.1606162439,-0.573646280334,404,297,-0.435982775925,-0.872664625997 , 404.389202666
1526297024.03,5.61899635847,1.10815528716,-0.647624518186,398,297,-0.290658415283,-0.897597901026 , 398.996162729
1526297024.12,5.75367170739,1.04987503211,-0.709832525425,393,297,-0.581622355433,-0.947464451083 , 393.471023863
1526297024.2,5.88826241773,0.986845993323,-0.759158648771,387,297,-0.800233656646,-1.01603095741 , 387.418610304
1526297024.29,6.02249622286,0.920353870696,-0.794678009573,380,297,-0.364709701757,-1.0471975512 , 380.392622302
1526297024.37,6.15709292531,0.851245169194,-0.815937371289,374,297,-0.945688582129,-1.12823069504 , 374.125556794
1526297024.46,0.00797364411966,0.781223217339,-0.822440887747,366,297,-0.657299022757,-1.18433056385 , 366.925077259
1526297024.54,0.142557987835,0.711007544913,-0.814123769408,359,297,-0.509263689668,-1.22796379515 , 359.858602586
1526297024.63,0.277363665204,0.642025808804,-0.791032889268,353,297,-0.871590075302,-1.30276362024 , 353.432070921
1526297024.72,0.411822174558,0.575812139993,-0.753703003272,346,297,-0.655380371911,-1.35886348905 , 346.721855087
1526297024.8,0.546542838831,0.513264613084,-0.702655330861,340,297,-0.654105057617,-1.41496335787 , 340.599024679
1526297024.89,0.680809975094,0.455833243832,-0.639108829563,335,297,-0.802162161792,-1.4835298642 , 335.14072528
1526297024.97,0.816094646952,0.403969049916,-0.563448625663,329,297,-0.434252043766,-1.52092977674 , 329.73459001
1526297025.06,0.950346053919,0.359389429399,-0.478183623698,325,297,-0.729323768639,-1.58326296431 , 325.710949806
1526297025.14,1.0851206472,0.322348486495,-0.383932554055,321,297,-0.435895548355,-1.62066287685 , 321.859355153
