1526296542.4,0.0314159265359,0.768951528404,-1.64412239118,405,222,-41.4515697349,-0.829031394697 , 405.157533284
1526296542.48,0.300801828043,0.630263109986,-1.5710752535,355,297,-4.83410402068,-0.829031394697 , 355.411711808
1526296542.57,0.569279175499,0.50316530943,-1.38551108158,338,297,0.0364696474403,-0.82279807594 , 338.247218012
1526296542.65,0.838017179847,0.396197664895,-1.10035891496,327,297,0.036434274457,-0.82279807594 , 327.973483639
1526296542.74,1.10711695798,0.317084618457,-0.735683605399,320,297,0.0,-0.82279807594 , 320.562718701
1526296542.83,1.37583623698,0.271718756102,-0.31866876871,317,297,-1.09310439995,-1.00979763865 , 317.576320167
1526296542.91,1.64472479315,0.263229579361,0.121496710495,320,297,-4.73380371809,-1.63312951437 , 320.765478402
1526296543.0,1.91309203554,0.292175136842,0.552122944619,323,297,-3.7579148423,-1.65182947064 , 323.083668388
1526296543.08,2.18192741172,0.356571011265,0.943853602216,326,297,-0.109263234029,-1.65182947064 , 326.224198435
1526296543.17,2.45027892481,0.451577847414,1.26727219454,335,297,0.109460245942,-1.63312951437 , 335.702408164
1526296543.25,2.71903565451,0.570673507292,1.50025111657,347,297,0.54647603904,-1.55832968928 , 347.252963651
1526296543.34,2.98865974249,0.70563445416,1.62573527995,360,297,1.12575068017,-1.4398966329 , 360.122596192
1526296543.42,3.25735130797,0.845873978326,1.63392525574,373,297,1.31186057457,-1.33393021402 , 373.785316181
1526296543.51,3.52693494919,0.982206562003,1.52431076574,387,297,1.38015948669,-1.20303052012 , 387.062521087
1526296543.6,3.79574860395,1.10400260151,1.30535684915,398,297,1.45696084016,-1.08459746374 , 398.789035302
1526296543.68,4.06491055026,1.20302436168,0.992186565,408,297,1.41869866574,-0.959931088597 , 408.288844413
1526296543.77,4.33353919855,1.27186889572,0.608382248826,414,297,1.27571872708,-0.86643130724 , 414.844516091
1526296543.85,4.60219556037,1.30582123181,0.180894303695,418,297,0.984024356668,-0.791631482155 , 418.060803248
1526296543.94,4.87064444529,1.30245390061,-0.259234556135,417,297,0.692996769181,-0.747998250855 , 417.581400988
1526296544.02,5.13899970346,1.26206856979,-0.680653446909,413,297,0.29188991561,-0.741764932098 , 413.576292352
1526296544.11,5.40796990216,1.18735528741,-1.05412558285,406,297,-0.218416930676,-0.785398163397 , 406.338902772
1526296544.19,5.67709140171,1.08367221438,-1.35193747932,396,297,-0.545735340208,-0.835264713454 , 396.136981014
1526296544.28,5.94641064096,0.958418585052,-1.55253049969,383,297,-0.908891083541,-0.941231132326 , 383.937856278
1526296544.37,6.21511718672,0.821011032388,-1.64112482693,370,297,-1.166033279,-1.03473091368 , 370.545336122
1526296544.45,0.20096199937,0.68088153206,-1.61182977632,356,297,-1.27381498204,-1.15939728882 , 356.853170425
1526296544.54,0.46972247414,0.548397023768,-1.4667777416,344,297,-1.4208179027,-1.27783034521 , 344.068308848
1526296544.62,0.738315918775,0.43299350774,-1.21659828021,332,297,-1.42170146635,-1.40249672035 , 332.928483144
1526296544.71,1.00693782594,0.342852883144,-0.879137265953,324,297,-1.38510080508,-1.51469645798 , 324.330638195
1526296544.79,1.27551853734,0.284460040692,-0.478685071878,318,297,-1.13012397224,-1.59572960182 , 318.712211656
1526296544.88,1.54540927432,0.26196810908,-0.0417555418749,316,297,-0.798130513751,-1.65182947064 , 316.596343142
1526296544.97,1.81486408512,0.277317271887,0.397501306225,318,297,-0.472385571141,-1.67676274567 , 318.222947206
1526296545.05,2.08436907986,0.329346350207,0.808143317986,323,297,-0.145322341307,-1.67676274567 , 323.439444158
1526296545.14,2.35380741235,0.414275181947,1.16036420669,331,297,0.0726791478919,-1.66429610815 , 331.952329477
1526296545.22,2.62239486488,0.525596931311,1.42816054853,342,297,0.473911061373,-1.59572960182 , 342.805452651
1526296545.31,2.89180173878,0.655963829466,1.5938821054,355,297,0.981283067403,-1.49599650171 , 355.332417912
1526296545.39,3.16023189835,0.795157084032,1.64464833244,368,297,1.20370993096,-1.39003008284 , 368.898072546
1526296545.48,3.42971741872,0.934181264075,1.57712728224,382,297,1.41699521947,-1.25289707018 , 382.339342889
1526296545.57,3.69904939122,1.06239746149,1.39589650262,394,297,1.49051090662,-1.1344640138 , 394.739838895
1526296545.65,3.96790349275,1.17047188237,1.1145966463,405,297,1.45674165309,-1.0035643199 , 405.159943986
1526296545.74,4.23738002495,1.25102859909,0.752304692067,412,297,1.34437363694,-0.903831219783 , 412.862348671
1526296545.82,4.5062243893,1.29790881765,0.33672989191,417,297,1.09259581074,-0.816564757183 , 417.326675744
1526296545.91,4.77472420718,1.30797999958,-0.102470946459,418,297,0.838731692821,-0.760464888369 , 418.137577361
1526296545.99,5.04311092393,1.28062215595,-0.534152749671,415,297,0.401301590421,-0.747998250855 , 415.443685209
1526296546.08,5.31160400068,1.21777482385,-0.927733647789,409,297,0.0729350218329,-0.747998250855 , 409.177806865
1526296546.16,5.58035174221,1.12384315897,-1.25510720651,399,297,-0.18216477191,-0.77916484464 , 399.837682915
1526296546.25,5.84968671077,1.00533496461,-1.49278050648,388,297,-1.05425208447,-0.928764494811 , 388.769775441
1526296546.34,6.11851909088,0.871228082913,-1.62268324959,375,297,-1.20190896908,-0.984864363625 , 375.554155191
1526296546.42,0.104477004657,0.730793597183,-1.63596463682,361,297,-1.16414143194,-1.12823069504 , 361.646259719
1526296546.51,0.374506309239,0.593858871379,-1.530920946,348,297,-1.41414167874,-1.22796379515 , 348.48442324
1526296546.59,0.64317840035,0.471374090191,-1.31626568542,336,297,-1.45772851463,-1.37756344532 , 336.652930183
1526296546.68,0.912092423001,0.37134346362,-1.00685169239,327,297,-1.45641705269,-1.47729654544 , 327.086325054
1526296546.76,1.18078323946,0.301119517403,-0.625404787058,320,297,-1.20254221227,-1.58326296431 , 320.282785486
1526296546.85,1.45023130914,0.265600276201,-0.197841389524,316,297,-0.908456518105,-1.63312951437 , 316.909597087
1526296546.93,1.71894384701,0.267534777614,0.242802464675,317,297,-0.546565911199,-1.67676274567 , 317.178196679
1526296547.02,1.98811852655,0.306735908979,0.666714681764,321,297,-0.25462617646,-1.67676274567 , 321.176635307
1526296547.11,2.25687525625,0.380270948004,1.04207919782,328,297,0.036431735936,-1.67052942691 , 328.515974016
1526296547.19,2.52586193326,0.482990967231,1.34284461257,338,297,0.327605325456,-1.62066287685 , 338.661446116
1526296547.28,2.7948388731,0.607454901804,1.54702904354,350,297,0.800842007861,-1.53339641425 , 350.677567205
1526296547.36,3.06395737659,0.744789249371,1.63997935309,363,297,1.20063111476,-1.41496335787 , 363.926403723
1526296547.45,3.33339945415,0.885213301526,1.61476828235,377,297,1.34454554743,-1.30276362024 , 377.61601019
1526296547.53,3.60234793144,1.01820313751,1.47339530526,390,297,1.41982471114,-1.17186392634 , 390.525140047
1526296547.62,3.8712087741,1.13442048286,1.22618376897,401,297,1.45670512832,-1.05343086995 , 401.712679577
1526296547.71,4.13979248155,1.22548135553,0.891251961756,410,297,1.45820821379,-0.922531176054 , 410.366227429
1526296547.79,4.40889525574,1.28506752961,0.491598545316,416,297,1.23708618036,-0.841498032212 , 416.069788856
1526296547.88,4.67846316767,1.30869564707,0.0557950206687,418,297,0.871730538335,-0.772931525883 , 418.331803306
1526296547.96,4.94704462808,1.29464743374,-0.382460468445,416,297,0.546832655118,-0.747998250855 , 416.833724073
1526296548.05,5.21640131804,1.2438884187,-0.794409109485,411,297,0.109051765623,-0.754231569612 , 411.850514466
1526296548.13,5.48529361928,1.1602349988,-1.14852186751,403,297,-0.364133675905,-0.810331438426 , 403.713420429
1526296548.22,5.75485179402,1.0493415747,-1.42064457082,392,297,-0.799115192004,-0.891364582269 , 392.931596403
1526296548.31,6.02433431834,0.919423736524,-1.59013264192,380,297,-0.98100759694,-0.978631044868 , 380.124055504
1526296548.39,0.0114389726327,0.779408861952,-1.64482644813,366,297,-1.23165256023,-1.10329742001 , 366.50129557
1526296548.48,0.279972496143,0.64071252438,-1.5808853329,352,297,-1.27617063516,-1.19679720137 , 352.922310048
1526296548.56,0.548673049788,0.512312336172,-1.40348628745,340,297,-1.38469539729,-1.34016353278 , 340.534423128
1526296548.65,0.817282972733,0.403543063857,-1.12547249128,330,297,-1.49451754464,-1.45236327041 , 330.184200621
1526296548.73,1.08644566805,0.32202503273,-0.765936908947,322,297,-1.34594114257,-1.57079632679 , 322.348488323
1526296548.82,1.35642478869,0.273784416122,-0.349932406572,317,297,-1.01546992656,-1.62689619561 , 317.672694998
1526296548.91,1.62563092682,0.262586377707,0.0901541060469,316,297,-0.545563760655,-1.66429610815 , 316.538291774
1526296548.99,1.89472695989,0.289030899973,0.523574646013,319,297,-0.291086393087,-1.67676274567 , 319.324307245
1526296549.08,2.16329568706,0.35104808791,0.918590570198,325,297,-0.0364572387506,-1.67052942691 , 325.582447435
1526296549.16,2.43234528126,0.444397747033,1.24826191656,334,297,0.218352476688,-1.63936283312 , 334.867694952
1526296549.25,2.70054324647,0.56187977156,1.48752075447,346,297,0.584122206872,-1.57079632679 , 346.335522837
1526296549.33,2.97015160515,0.696070930354,1.6208192408,359,297,1.08949970119,-1.45236327041 , 359.209825384
1526296549.42,3.24224444346,0.838010378408,1.63660886393,373,297,1.29546177569,-1.34639685154 , 373.028196855
1526296549.51,3.51193818974,0.97490822832,1.5334113842,386,297,1.45220634031,-1.20303052012 , 386.280237372
1526296549.59,3.78135180477,1.09798780541,1.31963119589,398,297,1.52640213328,-1.08459746374 , 398.141082321
1526296549.68,4.05136538006,1.19870830832,1.00986642159,407,297,1.41422405775,-0.959931088597 , 407.884814406
1526296549.76,4.32054305566,1.26931112861,0.628192225284,414,297,1.23674194865,-0.872664625997 , 414.650134154
1526296549.85,4.59126370021,1.30516068656,0.198756263315,418,297,0.940353587776,-0.797864800912 , 418.056341317
1526296549.94,4.86051403018,1.30326328571,-0.242765907129,417,297,0.654569061283,-0.760464888369 , 417.71543749
1526296550.02,5.12996584492,1.26400635686,-0.667097615313,413,297,0.254364289649,-0.754231569612 , 413.817910726
1526296550.11,5.39996968302,1.19002677779,-1.04398939582,406,297,-0.145053852215,-0.785398163397 , 406.540125122
1526296550.19,5.66902526933,1.08713361317,-1.34433516706,396,297,-0.582260303414,-0.853964669726 , 396.522081284
1526296550.28,5.93853326013,0.962306066391,-1.54820054789,384,297,-0.908254536204,-0.941231132326 , 384.325102144
1526296550.36,6.20780830756,0.824828105213,-1.64026327455,370,297,-1.23629473371,-1.06589750747 , 370.992171232
1526296550.45,0.194793868614,0.684048129707,-1.61382439947,357,297,-1.3771596557,-1.1780972451 , 357.265646061
1526296550.54,0.464022477169,0.551062130191,-1.47099788657,344,297,-1.45471527116,-1.31523025775 , 344.360575378
1526296550.62,0.733486276138,0.434867914975,-1.22193102533,333,297,-1.48978172222,-1.43366331414 , 333.175359048
1526296550.71,1.00306991736,0.343938578963,-0.884508218002,324,297,-1.38015948669,-1.55209637052 , 324.427594643
1526296550.79,1.27243934055,0.284931592561,-0.483528660916,318,297,-1.12681497709,-1.62689619561 , 318.750697889
1526296550.88,1.54228588571,0.262012175774,-0.0468914426251,316,297,-0.580553615133,-1.65182947064 , 316.380927244
1526296550.96,1.81168377144,0.276917441405,0.39242294128,317,297,-0.254415209183,-1.67052942691 , 317.963397801
1526296551.05,2.08161870025,0.328640568347,0.804199717612,323,297,-0.145090881726,-1.67676274567 , 323.365680597
1526296551.14,2.35125851752,0.413334940466,1.15738864013,331,297,0.0363124196808,-1.66429610815 , 331.892499232
1526296551.22,2.62008490553,0.524547523356,1.42627137504,342,297,0.509912140398,-1.58949628307 , 342.664512593
1526296551.31,2.89107219909,0.655593733125,1.59358502859,355,297,0.903296431246,-1.50846313922 , 355.372559261
1526296551.39,3.16024687863,0.795164926325,1.64464787298,368,297,1.20038054617,-1.38379676408 , 368.902131246
1526296551.48,3.43026344997,0.934455357871,1.57687182346,382,297,1.52299362468,-1.24666375142 , 382.261542255
1526296551.57,3.6988883532,1.06232590425,1.39603662286,394,297,1.49443420057,-1.12823069504 , 394.729044821
1526296551.65,3.96810123246,1.17054203034,1.11435740993,405,297,1.45480026577,-0.99733100114 , 405.168545527
1526296551.74,4.23821517563,1.25122842689,0.751082753779,412,297,1.37744988473,-0.891364582269 , 412.848222792
1526296551.82,4.50704455969,1.29799655478,0.335409222695,417,297,1.09265669468,-0.810331438426 , 417.333970036
1526296551.91,4.77714352258,1.30789955824,-0.106442527771,418,297,0.761264523776,-0.760464888369 , 418.20216228
1526296551.99,5.04599163199,1.28013030627,-0.538632309867,415,297,0.400612883298,-0.741764932098 , 415.391410753
1526296552.08,5.3157984794,1.21653236589,-0.933423045768,409,297,-0.0362899396422,-0.766698207126 , 409.157370823
1526296552.17,5.58572142399,1.12169303217,-1.26079843259,399,297,-0.435291970713,-0.816564757183 , 399.869676945
1526296552.25,5.8546227134,1.00298687031,-1.49617284762,388,297,-0.691830858631,-0.885131263511 , 388.177104304
1526296552.34,6.12419287236,0.868296117533,-1.62418701635,375,297,-1.16229769586,-1.01603095741 , 375.224269682
1526296552.42,0.110194977965,0.727816907384,-1.63495700666,361,297,-1.34581755488,-1.11576405752 , 361.532796823
1526296552.51,0.379652784822,0.591353504042,-1.52780385342,348,297,-1.48981485149,-1.27159702645 , 348.314950583
1526296552.59,0.648503890292,0.469147277919,-1.31099325903,336,297,-1.4567578869,-1.36509680781 , 336.437441956
1526296552.68,0.918404364456,0.369328805653,-0.998621172263,326,297,-1.37853933393,-1.50846313922 , 326.81880142
1526296552.77,1.18801272314,0.29969299382,-0.614389557865,320,297,-1.27108298473,-1.58326296431 , 320.220524484
1526296552.85,1.45723533958,0.265171951565,-0.186399096108,316,297,-0.763742515666,-1.63936283312 , 316.73582442
1526296552.94,1.72721745628,0.26819193245,0.256254466636,317,297,-0.543995709452,-1.67676274567 , 317.253779865
1526296553.02,1.99656515807,0.308545522755,0.679392469295,321,297,-0.218110809389,-1.67676274567 , 321.331678888
1526296553.11,2.2656327286,0.383191335629,1.05318512172,328,297,0.0363896481023,-1.67052942691 , 328.815146793
1526296553.2,2.53478269068,0.486816044281,1.35126614718,339,297,0.363785085898,-1.61442955809 , 339.011498942
1526296553.28,2.80382179868,0.611885525362,1.55198824141,351,297,0.800656953429,-1.53339641425 , 351.119839848
1526296553.37,3.07218604501,0.749086118719,1.64097360534,364,297,1.16752055804,-1.41496335787 , 364.384055165
1526296553.45,3.34102441724,0.889129567865,1.61233033986,377,297,1.42040621255,-1.29029698272 , 377.925189956
1526296553.54,3.60924784893,1.02143360579,1.46831382151,390,297,1.42366269674,-1.17186392634 , 390.835108561
1526296553.62,3.87780084681,1.13698580907,1.21892906411,401,297,1.49483433691,-1.03473091368 , 401.921032813
1526296553.71,4.14599806301,1.22723335877,0.88265525428,410,297,1.4238018556,-0.928764494811 , 410.564576162
1526296553.79,4.41461697412,1.28595468401,0.482608836386,416,297,1.16641368748,-0.835264713454 , 416.218195905
1526296553.88,4.68295275792,1.30877010851,0.0484136527549,418,297,0.91222218565,-0.772931525883 , 418.29191166
1526296553.96,4.95166005269,1.29408012552,-0.38984037308,416,297,0.510138137562,-0.747998250855 , 416.806670838
1526296554.05,5.22142570433,1.242612129,-0.801636125693,411,297,0.10888644438,-0.754231569612 , 411.717607019
1526296554.14,5.48994724361,1.1585296469,-1.153989448,403,297,-0.255245518234,-0.791631482155 , 403.432301272
1526296554.22,5.75886426232,1.04752499576,-1.42396027526,392,297,-0.582560330588,-0.853964669726 , 392.535383921
1526296554.31,6.02749515766,0.917823195233,-1.59145557954,379,297,-0.911220039965,-0.947464451083 , 379.89595135
1526296554.39,0.0127684725832,0.778712788447,-1.64479997867,366,297,-1.20358231117,-1.05966418871 , 366.404937278
1526296554.48,0.281198632154,0.64009562764,-1.58032681272,353,297,-1.64142263313,-1.22796379515 , 353.222404529
1526296554.56,0.550090184384,0.511679514845,-1.40226908418,340,297,-1.78425998209,-1.36509680781 , 340.867454507
1526296554.65,0.818636441133,0.403058535032,-1.12384779532,329,297,-1.16672925711,-1.42742999538 , 329.814543827
1526296554.73,1.08755720491,0.321754320471,-0.764318338983,322,297,-1.05587589454,-1.54586305177 , 322.037147672
1526296554.82,1.35733484077,0.273683260074,-0.348469551552,317,297,-1.19769768097,-1.63312951437 , 317.843971982
1526296554.91,1.62561444851,0.262585904901,0.0901270410435,316,297,-0.729930559368,-1.67052942691 , 316.720144314
1526296554.99,1.8942745554,0.288955553497,0.522869120247,319,297,-0.255113869515,-1.67676274567 , 319.280679896
1526296555.08,2.16303428116,0.35097166859,0.918233837125,325,297,-0.0364313298055,-1.67676274567 , 325.574529102
1526296555.16,2.43148391509,0.444055623421,1.24733868546,334,297,0.182367062005,-1.64559615188 , 334.868533523
1526296555.25,2.69994852931,0.561598216953,1.48710287882,346,297,0.656484789429,-1.56456300804 , 346.235923244
1526296555.33,2.96856369535,0.695251804464,1.6203715828,359,297,1.09352807792,-1.45859658917 , 359.12458049
1526296555.42,3.23704778394,0.835302486745,1.63744569742,372,297,1.31287434324,-1.34016353278 , 372.74463648
1526296555.5,3.50615055813,0.972080127111,1.53683142713,386,297,1.34624084334,-1.22796379515 , 386.109108821
1526296555.59,3.77517393683,1.09538683312,1.32567282229,397,297,1.49222065547,-1.08459746374 , 397.924119188
1526296555.68,4.04400631695,1.19633156389,1.01939438146,407,297,1.45685935646,-0.978631044868 , 407.617617599
1526296555.76,4.31273233707,1.26773455375,0.640047245334,414,297,1.27525647536,-0.86643130724 , 414.468257399
1526296555.85,4.58178118226,1.30453740591,0.214230929504,417,297,1.09176542284,-0.791631482155 , 417.860700986
1526296555.93,4.85045327337,1.30401450682,-0.226385837936,417,297,0.655977831582,-0.754231569612 , 417.804338121
1526296556.02,5.11879504928,1.26634849469,-0.650260023838,414,297,0.255416508365,-0.747998250855 , 414.064600055
1526296556.1,5.38780644376,1.19403873937,-1.02845090623,406,297,-0.145588988547,-0.77916484464 , 406.951870523
1526296556.19,5.65707849513,1.09222416513,-1.33291479805,397,297,-0.654516259065,-0.860197988483 , 397.106965422
1526296556.28,5.92578504089,0.968573939708,-1.54098982642,384,297,-0.947402039185,-0.941231132326 , 384.989335689
1526296556.36,6.19488781508,0.831570570744,-1.63852591115,371,297,-1.16431640505,-1.05966418871 , 371.588180176
1526296556.45,0.18014540071,0.691583597319,-1.61831517029,357,297,-1.27660149119,-1.15939728882 , 357.905558195
1526296556.53,0.44931408814,0.557974184781,-1.48166652841,344,297,-1.34591117984,-1.29029698272 , 344.924738732
1526296556.62,0.71768133053,0.441058815388,-1.2391824606,333,297,-1.38641518454,-1.3962634016 , 333.667231669
1526296556.7,0.986777363597,0.348584098063,-0.906985743543,324,297,-1.30988876889,-1.51469645798 , 324.79447587
1526296556.79,1.25475811473,0.287731030097,-0.511251153958,319,297,-1.13265411468,-1.58949628307 , 319.005341735
1526296556.87,1.52358375373,0.262382837329,-0.0776327214153,316,297,-0.801292738932,-1.65182947064 , 316.604985064
1526296556.96,1.79189781612,0.27454562519,0.360741329725,317,297,-0.510885779456,-1.67676274567 , 317.951169209
1526296557.04,2.06097512383,0.323453825356,0.774408046154,322,297,-0.145553325036,-1.67676274567 , 322.824932282
1526296557.13,2.32993633437,0.405564840935,1.13220456014,331,297,0.109212114876,-1.65806278939 , 331.028991178
1526296557.22,2.59834477253,0.514740002262,1.40811999543,341,297,0.474227135211,-1.59572960182 , 341.714046499
1526296557.3,2.86727077941,0.643558276675,1.58342853342,354,297,0.946628897481,-1.49599650171 , 354.132166979
1526296557.39,3.13560356715,0.78226230382,1.64490456574,367,297,1.20414672975,-1.39003008284 , 367.625488205
1526296557.47,3.40410563207,0.921276367879,1.58858008891,381,297,1.42218531617,-1.25289707018 , 381.072118313
1526296557.56,3.67279045642,1.05063573693,1.41826366979,393,297,1.49410091722,-1.1344640138 , 393.59776676
1526296557.64,3.9412580667,1.16088285769,1.14643135035,404,297,1.45883880703,-1.0035643199 , 404.24308061
1526296557.73,4.21060277243,1.24445019975,0.791200649622,412,297,1.3450316192,-0.903831219783 , 412.250949841
1526296557.81,4.47964188043,1.29487885453,0.379406376447,416,297,1.20098543014,-0.797864800912 , 416.962847771
1526296557.9,4.74918732193,1.30864247175,-0.0605171855543,418,297,0.90812834312,-0.747998250855 , 418.175867945
1526296557.99,5.01788188346,1.28475369851,-0.494735786403,415,297,0.327961486694,-0.741764932098 , 415.962633805
1526296558.07,5.28677343569,1.22497341929,-0.893722496767,410,297,-0.109240407066,-0.766698207126 , 410.101460344
1526296558.16,5.55546799723,1.13367873617,-1.22826357633,401,297,-0.40084181707,-0.810331438426 , 401.050489108
1526296558.24,5.82380078497,1.01756003968,-1.47439646177,389,297,-0.547339422612,-0.860197988483 , 389.494036925
1526296558.33,6.09207065553,0.884857515384,-1.61498493856,376,297,-0.912446316362,-0.966164407354 , 376.621019988
1526296558.41,0.0779154681827,0.744642985108,-1.63994354286,363,297,-1.31020969581,-1.08459746374 , 363.153071005
1526296558.5,0.346675193938,0.607493601095,-1.54707297063,349,297,-1.45725319222,-1.21549715764 , 349.856447274
1526296558.58,0.615222199702,0.483208368741,-1.34332755397,337,297,-1.56778806646,-1.3526301703 , 337.902589066
1526296558.67,0.884359428542,0.38038971368,-1.04253473392,327,297,-1.45520918821,-1.46482990792 , 327.942570916
1526296558.76,1.15264877347,0.306911230075,-0.667955589725,320,297,-1.27733211825,-1.57079632679 , 320.886101179
1526296558.84,1.42158152147,0.267617559197,-0.244538709074,317,297,-1.01942095131,-1.63936283312 , 317.172070894
1526296558.93,1.69029405934,0.265533360123,0.196098407823,316,297,-0.546565911199,-1.66429610815 , 316.934618952
1526296559.01,1.9590006051,0.300760225645,0.62265183213,320,297,-0.218631239812,-1.67676274567 , 320.507980519
1526296559.1,2.22723602102,0.37061886715,1.00390385013,327,297,-0.0730050815549,-1.67676274567 , 327.633862675
1526296559.18,2.49574482706,0.470256773166,1.31362751452,337,297,0.291722997144,-1.62689619561 , 337.411462945
1526296559.27,2.76435699705,0.592529555662,1.52927289271,349,297,0.801929534966,-1.53962973301 , 349.186198584
1526296559.35,3.03304781351,0.728675755065,1.63525328531,362,297,1.09322019297,-1.4398966329 , 362.437712889
1526296559.44,3.30169144209,0.868868045766,1.62389789292,376,297,1.3485417376,-1.308996939 , 376.008190133
1526296559.53,3.5702571732,1.00303541102,1.49610316589,389,297,1.45830581836,-1.19056388261 , 389.012884066
1526296559.61,3.83916745079,1.12173754262,1.26068124403,400,297,1.52925920278,-1.0471975512 , 400.423624191
1526296559.7,4.10760135543,1.21612249088,0.935288758772,409,297,1.42254643504,-0.947464451083 , 409.521374914
1526296559.78,4.37633636372,1.27970877054,0.542438540046,415,297,1.20234446155,-0.841498032212 , 415.625456266
1526296559.87,4.64463095174,1.30779543841,0.111372222838,418,297,1.16782368568,-0.747998250855 , 418.005642588
1526296559.95,4.91333150539,1.29846155134,-0.328317291763,417,297,0.692347698646,-0.723064975826 , 417.119924026
1526296560.04,5.18251891817,1.25219141128,-0.745158635935,412,297,0.0363734474292,-0.741764932098 , 412.790135633
1526296560.12,5.45180070672,1.17226702339,-1.10844436993,404,297,-0.399967695032,-0.791631482155 , 404.975599763
1526296560.21,5.72132742287,1.06435032362,-1.3920530344,394,297,-0.617570175989,-0.847731350969 , 394.261672209
1526296560.3,5.98947220809,0.93698435489,-1.57449059335,381,297,-0.766812444967,-0.922531176054 , 381.66094383
1526296560.38,6.25850832003,0.798317692328,-1.64443324792,368,297,-1.12821099829,-1.04096423244 , 368.265460472
1526296560.47,0.243574158064,0.65912037212,-1.59637920849,354,297,-1.35051481473,-1.15316397007 , 354.796795187
1526296560.55,0.512054501576,0.52885085339,-1.43395433902,342,297,-1.53170809949,-1.30276362024 , 342.281380599
1526296560.64,0.780613491565,0.416933627825,-1.16869596058,331,297,-1.71355234755,-1.44612995165 , 331.679012483
1526296560.72,1.04967506998,0.33130110176,-0.818935151836,323,297,-1.49200879911,-1.55832968928 , 323.355651546
1526296560.81,1.31853216757,0.278371405962,-0.410570764934,317,297,-0.94687152276,-1.60819623934 , 317.997795353
1526296560.89,1.58718253727,0.261869681428,0.026953029618,316,297,-0.583138551017,-1.65806278939 , 316.442283995
1526296560.98,1.85611828133,0.282967919236,0.462993676843,318,297,-0.364074855192,-1.67052942691 , 318.738279391
1526296561.07,2.12454244879,0.340045729852,0.865033345571,324,297,-0.0364768727799,-1.66429610815 , 324.443949252
1526296561.15,2.39333138609,0.429159610646,1.20552768168,333,297,0.0728547410146,-1.65806278939 , 333.465458598
1526296561.24,2.66222668339,0.543905663182,1.45952947899,344,297,0.509781466171,-1.57702964555 , 344.607644384
1526296561.32,2.93172568602,0.676316941391,1.60884197302,357,297,0.799290648432,-1.52092977674 , 357.535127667
1526296561.42,3.2324420965,0.832901411855,1.63815040318,373,297,0.683756360446,-1.44612995165 , 373.129192102
1526296561.5,3.5018646997,0.969981825747,1.53933086937,386,297,0.981225778628,-1.3526301703 , 386.264705552
1526296561.59,3.77096747389,1.09360907463,1.32975757991,397,297,1.34624084334,-1.21549715764 , 397.896774787
1526296561.68,4.0396552943,1.19491584435,1.02500182098,407,297,1.42120209808,-1.10953073877 , 407.518638346
1526296561.76,4.30842176118,1.26685186718,0.646573113617,414,297,1.34792539366,-0.984864363625 , 414.315890003
1526296561.85,4.5776593579,1.30425192205,0.220951473028,417,297,1.12736669813,-0.916297857297 , 417.804032193
1526296561.93,4.84666476027,1.30428378784,-0.22021167454,417,297,0.618766984091,-0.878897944754 , 417.873720334
1526296562.02,5.11648059584,1.26682626139,-0.646761261858,414,297,0.254021115202,-0.872664625997 , 414.116573553
1526296562.1,5.38533544639,1.19484641175,-1.02527554717,406,297,0.0,-0.878897944754 , 406.891040291
1526296562.19,5.6558141594,1.09276035205,-1.33169501159,396,297,-0.361997959036,-0.934997813568 , 396.872432328
1526296562.28,5.92470271557,0.96910472619,-1.54036608506,385,297,-0.910346868864,-1.03473091368 , 385.00576251
1526296562.36,6.19381447794,0.832130352683,-1.63836927454,371,297,-1.16427751759,-1.1344640138 , 371.643533445
1526296562.45,0.180227792256,0.691541155634,-1.61829088177,357,297,-1.34376482958,-1.2653637077 , 357.967668323
1526296562.53,0.449415205038,0.557926496272,-1.48159427549,344,297,-1.41856444974,-1.37756344532 , 344.991795702
1526296562.62,0.718596625707,0.440697926959,-1.23819179917,333,297,-1.45497028481,-1.51469645798 , 333.70024564
1526296562.7,0.9874222647,0.348398004332,-0.906100562465,324,297,-1.34762869729,-1.60819623934 , 324.814226611
1526296562.79,1.25759612899,0.287271186971,-0.506811958219,318,297,-0.906016042022,-1.67052942691 , 318.740709117
1526296562.88,1.52612665645,0.262321690059,-0.0734542286428,316,297,-0.619861224362,-1.71416265821 , 316.424044986
1526296562.96,1.79559719654,0.274973910554,0.366675948539,317,297,-0.363352305746,-1.73286261448 , 317.853706546
1526296563.05,2.06531491128,0.324527937208,0.780698811094,322,297,-0.108905796756,-1.73286261448 , 322.900966553
1526296563.13,2.33405366464,0.40705190878,1.13710808382,331,297,0.0,-1.73286261448 , 331.288334003
1526296563.22,2.60431890865,0.517422534677,1.41317463132,342,297,0.398512271441,-1.66429610815 , 342.058448405
1526296563.3,2.87355650537,0.646729195486,1.58619817344,354,297,0.909166692039,-1.57702964555 , 354.484759971
1526296563.39,3.14374909502,0.786527272614,1.64493024218,368,297,0.94219138181,-1.50222982047 , 368.304851107
1526296563.48,3.41288257879,0.92570923469,1.58477229936,381,297,1.12780281435,-1.38379676408 , 381.796263856
1526296563.56,3.68221155523,1.05487703331,1.41035054186,394,297,1.49052748729,-1.24666375142 , 394.011998953
1526296563.65,3.95140870519,1.16456762551,1.13439859919,404,297,1.49125740208,-1.12823069504 , 404.562816159
1526296563.73,4.22053020474,1.24692773211,0.776845005922,412,297,1.38252952853,-1.00979763865 , 412.44425594
1526296563.82,4.49092652621,1.29620921962,0.361320615305,417,297,1.15874643906,-0.928764494811 , 417.11795642
1526296563.9,4.75990346604,1.30840600499,-0.0781287907735,418,297,0.873645826758,-0.860197988483 , 418.169181887
1526296563.99,5.02963466303,1.28286843466,-0.513138621702,415,297,0.471901530555,-0.847731350969 , 415.616409824
1526296564.08,5.30038601716,1.22106029556,-0.912437630579,409,297,0.0361633434441,-0.853964669726 , 409.553382637
1526296564.16,5.56935396882,1.12821635677,-1.24333808777,400,297,-0.327628133099,-0.903831219783 , 400.424363688
1526296564.25,5.83882750497,1.01048182959,-1.48518945051,388,297,-0.690361705264,-0.972397726111 , 388.926065671
1526296564.33,6.10819393211,0.87655652403,-1.61981270046,375,297,-0.908731863074,-1.05966418871 , 375.793481706
1526296564.42,0.0943937774276,0.736047061278,-1.63761117303,362,297,-1.2357894263,-1.18433056385 , 362.233725567
1526296564.51,0.363835854989,0.599069466752,-1.53725449315,348,297,-1.41722368513,-1.30276362024 , 348.995375793
1526296564.59,0.632922150873,0.475687698217,-1.32631443569,337,297,-1.45548463184,-1.43366331414 , 337.066450161
1526296564.68,0.902222664778,0.374526746255,-1.01964093924,327,297,-1.38161050823,-1.53962973301 , 327.314002778
1526296564.76,1.17119585954,0.303050328866,-0.639962120498,320,297,-1.20127973768,-1.63936283312 , 320.457699999
1526296564.85,1.44004696501,0.266268579574,-0.214461806926,317,297,-0.983311573661,-1.70792933945 , 317.033006284
1526296564.93,1.71063503408,0.266910502158,0.229276500054,317,297,-0.506592324548,-1.72662929572 , 317.063804382
1526296565.02,1.9800643784,0.305042186201,0.654581667669,320,297,-0.14536314494,-1.73286261448 , 320.889716568
1526296565.11,2.24900386753,0.377672553495,1.03202875032,328,297,0.0,-1.72662929572 , 328.285606688
1526296565.19,2.51906163464,0.480091257366,1.33635305595,338,297,0.181281107224,-1.70169602069 , 338.513295526
1526296565.28,2.78826178067,0.604219985753,1.54331884866,350,297,0.691062812153,-1.60819623934 , 350.463023136
1526296565.36,3.05798324047,0.741671364252,1.63918793167,363,297,1.05274141784,-1.52092977674 , 363.763893879
1526296565.45,3.32653249328,0.881681380593,1.61688352458,377,297,1.09379647552,-1.42119667662 , 377.517010686
1526296565.53,3.59531768551,1.01490025231,1.47850062224,390,297,1.45711512246,-1.27159702645 , 390.167465347
1526296565.62,3.86453356083,1.13180734772,1.23347567387,401,297,1.56389288122,-1.15316397007 , 401.356252393
1526296565.71,4.13311127617,1.22357612738,0.900469182534,410,297,1.42178472852,-1.02849759493 , 410.223263466
1526296565.79,4.40212866276,1.28399725756,0.50220912078,415,297,1.23747883834,-0.941231132326 , 415.974261261
1526296565.88,4.67193775721,1.30856861469,0.0665214500653,418,297,0.907240935246,-0.872664625997 , 418.294812406
1526296565.96,4.94126298857,1.29534278069,-0.373204349939,416,297,0.618032186144,-0.835264713454 , 416.841214852
1526296566.05,5.20997927151,1.2455028847,-0.78514254221,411,297,0.255060537092,-0.829031394697 , 411.874891792
1526296566.13,5.47879292628,1.16260362344,-1.14084253753,403,297,-0.0728480420081,-0.847731350969 , 403.667295448
1526296566.22,5.74728600303,1.05275527799,-1.41433039699,392,297,-0.182337554582,-0.860197988483 , 392.666065888
1526296566.3,6.01611239104,0.923580728713,-1.5866170613,379,297,-0.254956070199,-0.891364582269 , 379.821281096
1526296566.39,0.00215793945758,0.784268269817,-1.64493023687,365,297,-0.218205469482,-0.897597901026 , 365.980670693
1526296566.48,0.270854748032,0.645306629935,-1.58496397549,352,297,-0.0364398604485,-0.897597901026 , 352.14829612
1526296566.56,0.539621214915,0.516367317555,-1.41119447423,339,297,0.0,-0.897597901026 , 339.560583672
1526296566.65,0.808199679269,0.4068128527,-1.1363225327,329,297,0.0,-0.897597901026 , 329.021413023
1526296566.73,1.0774215467,0.324243998609,-0.779042224694,321,297,0.0363687924051,-0.891364582269 , 321.190506288
1526296566.82,1.34582399275,0.274993930784,-0.366950893879,316,297,0.0,-0.897597901026 , 316.773226209
1526296566.9,1.61456499315,0.26230083582,0.0719735852942,315,297,-0.0364338682698,-0.897597901026 , 315.98978646
1526296566.99,1.88326854285,0.287153878589,0.505672596625,318,297,0.0,-0.897597901026 , 318.834192526
1526296567.08,2.1521982948,0.347830061591,0.903391360627,325,297,0.0,-0.897597901026 , 325.213932712
1526296567.16,2.42118796787,0.439985882449,1.2362318142,334,297,0.0,-0.897597901026 , 334.635940316
1526296567.25,2.68964958603,0.556735068926,1.47978307415,346,297,0.0,-0.897597901026 , 346.396617395
1526296567.33,2.95839433151,0.69001139864,1.61740785126,359,297,0.0728667210973,-0.885131263511 , 359.611701833
1526296567.42,3.22733382064,0.830237147003,1.63889136449,373,297,0.0728139570662,-0.885131263511 , 373.469878004
1526296567.5,3.49626656864,0.967235951784,1.5425530135,386,297,0.0,-0.885131263511 , 386.965167985
1526296567.59,3.76535960565,1.09123057041,1.33516659043,398,297,0.0,-0.885131263511 , 398.995828235
1526296567.67,4.03414479788,1.19311173602,1.03207568435,408,297,-0.0364278780615,-0.891364582269 , 408.785928145
1526296567.76,4.30375615262,1.26588639879,0.65362293029,415,297,-0.0363162531376,-0.891364582269 , 415.593493047
1526296567.85,4.57205448572,1.30384957787,0.230084048523,418,297,0.0,-0.891364582269 , 418.885783211
1526296567.93,4.84085241119,1.30468244053,-0.210733139438,418,297,0.0,-0.891364582269 , 418.532985768
1526296568.03,5.13698185959,1.26250478254,-0.677630333491,413,297,0.0330641692693,-0.885131263511 , 413.87771826
1526296568.11,5.40650183461,1.1878474474,-1.05227059309,406,297,0.0,-0.891364582269 , 406.173772382
1526296568.2,5.67519265107,1.08448877519,-1.3501558085,395,297,0.0,-0.885131263511 , 395.680803947
1526296568.28,5.94367299459,0.959770840977,-1.55103660947,383,297,0.0364692404641,-0.885131263511 , 383.139921318
1526296568.37,6.21228216852,0.822491861836,-1.6408010472,369,297,0.0,-0.885131263511 , 369.541182284
1526296568.45,0.197605667383,0.682604121744,-1.61292274284,355,297,0.0,-0.885131263511 , 355.765119804
1526296568.54,0.465948192309,0.550160881547,-1.46957747087,342,297,0.0,-0.885131263511 , 342.837589536
1526296568.62,0.734579087647,0.434443072353,-1.22072686649,331,297,0.0,-0.885131263511 , 331.664567491
1526296568.71,1.00340847171,0.343843285062,-0.884038630964,323,297,0.0,-0.885131263511 , 323.056767718
1526296568.8,1.27207756676,0.284987306621,-0.48409743248,317,297,0.0,-0.885131263511 , 317.643737616
1526296568.88,1.5414754525,0.262024444187,-0.0482239945057,315,297,0.0,-0.885131263511 , 315.807955472
1526296568.97,1.80994306277,0.276700776301,0.389641671714,317,297,0.0,-0.885131263511 , 317.688226778
1526296569.05,2.07885708542,0.327935379779,0.800233887038,323,297,-0.0364104263173,-0.891364582269 , 323.184940442
1526296569.14,2.34745053006,0.411934747471,1.15292921294,331,297,0.0,-0.885131263511 , 331.785764977
1526296569.22,2.61569193808,0.522555655863,1.42265764712,342,297,0.0365017253652,-0.885131263511 , 342.931539831
1526296569.31,2.88460596074,0.652316445258,1.59091484696,355,297,0.0,-0.885131263511 , 355.937871932
1526296569.39,3.15320315044,0.79147726875,1.64482319655,369,297,0.0,-0.885131263511 , 369.722908995
1526296569.48,3.42249991928,0.930554125852,1.58045974901,383,297,0.0,-0.885131263511 , 383.38295463
1526296569.57,3.69111508532,1.05886334798,1.40275707575,395,297,-0.0364509359307,-0.891364582269 , 395.904622081
1526296569.65,3.9602650474,1.16775065293,1.12380460984,406,297,-0.0363785085898,-0.891364582269 , 406.373862047
1526296569.74,4.22915659963,1.24904364636,0.764308519975,414,297,0.0,-0.891364582269 , 414.004901253
1526296569.82,4.49747066202,1.29695093002,0.350811184285,418,297,0.0364918413897,-0.885131263511 , 418.288171863
1526296569.91,4.76591655089,1.30824701026,-0.0880072837557,419,297,0.0,-0.891364582269 , 419.005824526
1526296569.99,5.03519459437,1.28195260721,-0.521819978526,416,297,-0.0363612052464,-0.891364582269 , 416.01900682
1526296570.08,5.30351839394,1.22014839874,-0.916720346637,409,297,0.0,-0.891364582269 , 409.494858796
1526296570.16,5.57216202252,1.1271036722,-1.24635744196,399,297,0.0,-0.891364582269 , 399.988298425
1526296570.25,5.84122060488,1.009349847,-1.48687740777,388,297,0.0,-0.891364582269 , 388.131478712
1526296570.34,6.11059002808,0.875320830707,-1.62049424971,374,297,0.0,-0.891364582269 , 374.774174984
1526296570.42,0.0962371010209,0.735086280384,-1.63732260018,360,297,0.0,-0.891364582269 , 360.919775867
1526296570.51,0.36517659015,0.598413581461,-1.53646828711,347,297,0.0,-0.891364582269 , 347.53297085
1526296570.59,0.633716854787,0.47535228875,-1.32554078266,335,297,0.0364611028468,-0.885131263511 , 335.561923346
1526296570.68,0.902219668721,0.374527718662,-1.01964480651,325,297,0.0364661884319,-0.885131263511 , 325.914792636
1526296570.76,1.17118387531,0.303052770162,-0.639980280633,319,297,0.0,-0.885131263511 , 319.272547405
1526296570.85,1.44006643938,0.266267250249,-0.214430046266,316,297,-0.0364146862465,-0.891364582269 , 316.098545866
1526296570.93,1.70927557356,0.26681176655,0.227061894871,316,297,0.0,-0.885131263511 , 316.551990886
1526296571.02,1.97854762494,0.304726708388,0.652292009022,320,297,0.0363620143925,-0.885131263511 , 320.677007878
1526296571.11,2.24740472252,0.377147747991,1.02997907432,328,297,-0.0364181354908,-0.891364582269 , 328.26773439
1526296571.19,2.51660486854,0.479047134406,1.33399261837,338,297,0.0,-0.885131263511 , 338.586817457
1526296571.28,2.7851196667,0.602677307722,1.54152277945,350,297,0.0,-0.891364582269 , 350.990939036
1526296571.36,3.05354383416,0.739355454944,1.63856193167,364,297,0.0,-0.885131263511 , 364.573555153
1526296571.45,3.32184216725,0.879266360227,1.61828447661,378,297,0.0,-0.891364582269 , 378.359403703
1526296571.53,3.59101984285,1.01287548234,1.48158571118,391,297,-0.0363747631955,-0.891364582269 , 391.444430306
1526296571.62,3.86013160521,1.13007566825,1.23825425282,402,297,0.0363836724247,-0.885131263511 , 402.697378367
1526296571.7,4.1287063245,1.2223092968,0.906524180475,411,297,0.036456425361,-0.885131263511 , 411.471219896
1526296571.79,4.39801283052,1.28333508703,0.508651868931,417,297,-0.0363573622941,-0.891364582269 , 417.172249763
1526296571.88,4.66682049317,1.30845341003,0.0749312184255,419,297,-0.0364248329483,-0.891364582269 , 419.222915136
1526296571.96,4.93667078339,1.29588293117,-0.365843552259,417,297,0.0362840973763,-0.885131263511 , 417.475824242
1526296572.05,5.2058701804,1.2465259359,-0.779196397046,412,297,0.0,-0.891364582269 , 412.233393581
1526296572.13,5.47481566164,1.16404494588,-1.13612036507,403,297,-0.0364061673847,-0.891364582269 , 403.77821972
1526296572.22,5.74369522965,1.05437010039,-1.41130529749,392,297,0.0,-0.891364582269 , 392.648471733
